frame,top,bottom,court,net,ball,pos,type
142800,"[[877.9913940429688, 488.4571533203125], [882.2955932617188, 485.57659912109375], [873.6873168945312, 485.57659912109375], [888.0345458984375, 488.4571533203125], [867.9483642578125, 488.4571533203125], [896.6429443359375, 511.50152587890625], [857.9052124023438, 511.50152587890625], [918.1637573242188, 524.4639892578125], [837.8190307617188, 531.6653442382812], [931.076416015625, 531.6653442382812], [847.8621826171875, 530.22509765625], [880.8609008789062, 569.1124267578125], [856.4705810546875, 567.6721801757812], [879.4261474609375, 613.7609252929688], [852.1663818359375, 606.5595092773438], [857.9052124023438, 628.1636352539062], [842.1232299804688, 625.2830810546875]]","[[961.1328125, 606.3284912109375], [965.4234008789062, 600.5614624023438], [955.412109375, 599.1196899414062], [949.6913452148438, 602.0032348632812], [975.4346313476562, 602.0032348632812], [941.1102905273438, 633.721923828125], [989.7365112304688, 629.3966674804688], [908.216064453125, 656.7901000976562], [1006.8987426757812, 653.9065551757812], [905.3556518554688, 653.9065551757812], [984.0157470703125, 665.440673828125], [953.98193359375, 717.343994140625], [985.4459228515625, 717.343994140625], [936.8197021484375, 770.6890258789062], [982.5856323242188, 764.9219360351562], [948.2611694335938, 832.6846313476562], [994.027099609375, 828.3594360351562]]","[[679, 578], [1246, 578], [611, 740], [1308, 740], [492, 1015], [1418, 1015]]","[[544, 534], [544, 740], [1368, 740], [1368, 534]]","[829, 508]",None,None
142801,"[[881.0665283203125, 491.03070068359375], [883.9469604492188, 486.7165222167969], [876.745849609375, 486.7165222167969], [891.1481323242188, 489.5926513671875], [869.544677734375, 489.5926513671875], [899.78955078125, 514.0394897460938], [860.9033203125, 512.6014404296875], [921.3930053710938, 519.791748046875], [840.7400512695312, 526.9819946289062], [941.5562744140625, 524.1058959960938], [842.1802978515625, 529.8580932617188], [881.0665283203125, 571.5615234375], [859.4630737304688, 570.1234741210938], [878.18603515625, 619.0172729492188], [860.9033203125, 611.8269653320312], [859.4630737304688, 631.959716796875], [845.060791015625, 614.7030639648438]]","[[957.6259765625, 606.6273803710938], [947.6312255859375, 602.3189086914062], [950.4868774414062, 602.3189086914062], [947.6312255859375, 605.1912231445312], [971.9044189453125, 605.1912231445312], [939.0641479492188, 633.9142456054688], [987.610595703125, 632.4780883789062], [904.7960815429688, 664.0733642578125], [1001.8890380859375, 664.0733642578125], [904.7960815429688, 662.63720703125], [980.4713745117188, 672.6902465820312], [951.9146728515625, 718.6470336914062], [983.3271484375, 717.2108764648438], [933.352783203125, 773.2206420898438], [981.8992919921875, 766.0399169921875], [936.2084350585938, 836.4112548828125], [993.322021484375, 827.7943115234375]]","[[679, 578], [1246, 578], [611, 740], [1308, 740], [492, 1015], [1418, 1015]]","[[544, 534], [544, 740], [1368, 740], [1368, 534]]","[829, 508]",None,None
142802,"[[883.4324951171875, 492.7088317871094], [887.736083984375, 488.4111328125], [879.1288452148438, 488.4111328125], [893.4742431640625, 491.2762756347656], [873.3906860351562, 491.2762756347656], [900.6469116210938, 514.197265625], [864.783447265625, 514.197265625], [920.7305908203125, 515.6298217773438], [850.4380493164062, 524.2252197265625], [919.2960205078125, 514.197265625], [847.5689086914062, 527.0903930664062], [883.4324951171875, 571.4998168945312], [863.348876953125, 570.0671997070312], [881.9979248046875, 611.611572265625], [869.0870361328125, 610.1790161132812], [854.7416381835938, 621.6394653320312], [849.0034790039062, 623.072021484375]]","[[952.7972412109375, 612.0202026367188], [942.7648315429688, 606.2553100585938], [945.6312255859375, 606.2553100585938], [944.1980590820312, 607.696533203125], [968.5625, 609.1377563476562], [934.16552734375, 637.9619750976562], [984.3277587890625, 637.9619750976562], [905.50146484375, 675.4334106445312], [1001.5261840820312, 668.2273559570312], [902.6350708007812, 676.8746337890625], [988.6273803710938, 684.0806884765625], [949.9308471679688, 725.8757934570312], [981.4613647460938, 721.5521850585938], [926.99951171875, 777.7593383789062], [980.0281372070312, 767.6708984375], [922.6998901367188, 845.4962158203125], [992.9269409179688, 829.6429443359375]]","[[679, 578], [1246, 578], [611, 740], [1308, 740], [492, 1015], [1418, 1015]]","[[544, 534], [544, 740], [1368, 740], [1368, 534]]","[829, 508]",None,None
142803,"[[884.6866455078125, 494.2760314941406], [888.9818115234375, 488.52197265625], [880.3916015625, 489.96051025390625], [896.1402587890625, 491.39898681640625], [874.6647338867188, 492.8375244140625], [904.73046875, 514.4152221679688], [868.9379272460938, 517.292236328125], [930.5011596679688, 511.5381774902344], [851.7575073242188, 524.4848022460938], [950.5449829101562, 507.22265625], [848.8941040039062, 521.6077880859375], [886.118408203125, 571.9556884765625], [864.6428833007812, 569.0787353515625], [884.6866455078125, 609.3570556640625], [877.5281372070312, 605.04150390625], [858.9160766601562, 628.0576782226562], [858.9160766601562, 629.4962158203125]]","[[937.6958618164062, 614.4944458007812], [939.1249389648438, 610.171630859375], [940.5540771484375, 610.171630859375], [939.1249389648438, 613.053466796875], [964.8492431640625, 614.4944458007812], [930.5502319335938, 643.3131713867188], [980.5697021484375, 640.4312744140625], [900.5385131835938, 685.1004028320312], [1000.5774536132812, 677.8956909179688], [899.1093139648438, 686.5413208007812], [983.4279174804688, 693.7459716796875], [947.69970703125, 724.0057373046875], [979.1405029296875, 724.0057373046875], [921.9754028320312, 781.6431884765625], [976.2822875976562, 767.2338256835938], [911.9715576171875, 850.8082275390625], [992.0026245117188, 823.430419921875]]","[[679, 578], [1246, 578], [611, 740], [1308, 740], [492, 1015], [1418, 1015]]","[[544, 534], [544, 740], [1368, 740], [1368, 534]]","[829, 508]",None,None
142804,"[[885.858642578125, 495.6388244628906], [890.1593017578125, 489.88043212890625], [882.9915161132812, 489.88043212890625], [897.3270263671875, 492.7596130371094], [877.25732421875, 494.1992492675781], [907.36181640625, 515.7933349609375], [871.5231323242188, 517.23291015625], [934.5992431640625, 510.03485107421875], [852.8870849609375, 521.5516967773438], [953.2352905273438, 502.8368835449219], [845.7192993164062, 510.03485107421875], [891.5928344726562, 576.2567138671875], [870.0896606445312, 573.3775024414062], [888.7257080078125, 607.9280395507812], [882.9915161132812, 605.048828125], [862.921875, 625.2033081054688], [862.921875, 626.6428833007812]]","[[931.9379272460938, 618.03369140625], [933.362548828125, 613.7103881835938], [936.2119750976562, 613.7103881835938], [934.7872924804688, 618.03369140625], [961.8563232421875, 618.03369140625], [927.663818359375, 645.4141235351562], [977.52783203125, 646.855224609375], [910.567626953125, 674.2356567382812], [997.4735107421875, 684.3231811523438], [896.3207397460938, 697.2929077148438], [986.0759887695312, 698.7340087890625], [943.3353881835938, 728.9966430664062], [974.678466796875, 728.9966430664062], [916.266357421875, 785.1986694335938], [973.2537841796875, 767.9057006835938], [911.9923095703125, 854.370361328125], [990.3500366210938, 824.107666015625]]","[[679, 578], [1246, 578], [611, 740], [1308, 740], [492, 1015], [1418, 1015]]","[[544, 534], [544, 740], [1368, 740], [1368, 534]]","[829, 508]",None,None
142805,"[[888.3626708984375, 496.2494201660156], [891.228515625, 493.3703308105469], [884.0637817382812, 493.3703308105469], [898.3931884765625, 494.80987548828125], [879.7649536132812, 496.2494201660156], [906.9907836914062, 514.9635009765625], [875.4662475585938, 519.2821655273438], [934.2166137695312, 510.6448974609375], [852.5391235351562, 513.5239868164062], [958.5765991210938, 499.1285095214844], [861.1368408203125, 527.91943359375], [895.52734375, 573.98486328125], [875.4662475585938, 572.5453491210938], [892.661376953125, 611.4130859375], [884.0637817382812, 605.6549072265625], [866.8685302734375, 625.8085327148438], [884.0637817382812, 653.159912109375]]","[[928.8397827148438, 622.06591796875], [930.2639770507812, 619.1946411132812], [930.2639770507812, 619.1946411132812], [931.6881713867188, 620.6303100585938], [957.323486328125, 620.6303100585938], [924.5672607421875, 649.3430786132812], [974.4137573242188, 649.3430786132812], [907.4769287109375, 679.491455078125], [995.7765502929688, 686.669677734375], [893.235107421875, 703.8973388671875], [984.383056640625, 705.3330078125], [940.2332763671875, 729.7388916015625], [970.1411743164062, 728.30322265625], [913.1737060546875, 785.7288208007812], [968.7169799804688, 767.0654907226562], [910.3253173828125, 856.0750732421875], [990.079833984375, 824.4910278320312]]","[[679, 578], [1246, 578], [611, 740], [1308, 740], [492, 1015], [1418, 1015]]","[[544, 534], [544, 740], [1368, 740], [1368, 534]]","[829, 508]",None,None
142806,"[[887.7935180664062, 497.1441650390625], [890.64404296875, 492.82843017578125], [883.5177001953125, 492.82843017578125], [897.7703247070312, 494.2669982910156], [879.2418823242188, 497.1441650390625], [907.7471923828125, 515.8456420898438], [874.9661865234375, 520.161376953125], [934.8272094726562, 510.09130859375], [852.1619262695312, 512.968505859375], [959.0567016601562, 498.5827331542969], [860.7135009765625, 527.354248046875], [894.9197998046875, 573.3887329101562], [874.9661865234375, 571.9501342773438], [892.0692749023438, 610.7916870117188], [883.5177001953125, 605.0374145507812], [866.41455078125, 625.177490234375], [883.5177001953125, 652.5104370117188]]","[[928.7001342773438, 622.1790771484375], [930.1305541992188, 619.3056030273438], [932.991455078125, 617.868896484375], [932.991455078125, 620.7423095703125], [957.3095703125, 620.7423095703125], [924.4086303710938, 649.4771118164062], [974.4752197265625, 649.4771118164062], [907.2430419921875, 679.6485595703125], [995.9323120117188, 686.832275390625], [892.9382934570312, 704.0731811523438], [984.4885864257812, 705.5098876953125], [940.1438598632812, 729.9344482421875], [970.1837768554688, 728.4976806640625], [912.9649047851562, 785.9672241210938], [968.7533569335938, 765.8529052734375], [910.1039428710938, 856.3673095703125], [990.21044921875, 824.7590942382812]]","[[679, 578], [1246, 578], [611, 740], [1308, 740], [492, 1015], [1418, 1015]]","[[544, 534], [544, 740], [1368, 740], [1368, 534]]","[829, 508]",None,None
142807,"[[887.924072265625, 501.10394287109375], [892.2334594726562, 496.79376220703125], [885.0511474609375, 496.79376220703125], [899.4156494140625, 498.2304992675781], [879.3053588867188, 501.10394287109375], [909.470703125, 519.7814331054688], [876.4324951171875, 522.6549072265625], [935.3267822265625, 514.0345458984375], [853.4494018554688, 514.0345458984375], [958.3099365234375, 503.9774169921875], [863.5044555664062, 531.2752685546875], [899.4156494140625, 577.2506713867188], [877.8689575195312, 577.2506713867188], [896.542724609375, 614.6056518554688], [887.924072265625, 614.6056518554688], [869.250244140625, 628.972900390625], [892.2334594726562, 654.8340454101562]]","[[925.2670288085938, 623.1507568359375], [926.7050170898438, 618.8397216796875], [929.5811767578125, 618.8397216796875], [929.5811767578125, 623.1507568359375], [952.5900268554688, 623.1507568359375], [922.390869140625, 649.0167236328125], [969.8466186523438, 649.0167236328125], [906.5723266601562, 679.1936645507812], [992.85546875, 687.8156127929688], [890.7537841796875, 709.37060546875], [982.7891235351562, 707.93359375], [938.2094116210938, 728.0515747070312], [969.8466186523438, 728.0515747070312], [909.448486328125, 784.094482421875], [965.5325317382812, 762.5394897460938], [908.0104370117188, 854.5073852539062], [987.103271484375, 820.0194091796875]]","[[679, 578], [1246, 578], [611, 740], [1308, 740], [492, 1015], [1418, 1015]]","[[544, 534], [544, 740], [1368, 740], [1368, 534]]","[829, 508]",None,None
142808,"[[888.8096923828125, 509.27789306640625], [891.6860961914062, 504.9536437988281], [884.4951782226562, 506.39501953125], [900.3151245117188, 504.9536437988281], [881.6187744140625, 507.8364562988281], [911.820556640625, 525.133544921875], [880.1806030273438, 530.8992309570312], [936.2696533203125, 519.3678588867188], [857.1697387695312, 523.692138671875], [959.280517578125, 507.8364562988281], [884.4951782226562, 600.0875854492188], [903.1914672851562, 584.23193359375], [883.0569458007812, 585.67333984375], [903.1914672851562, 618.8260498046875], [890.2478637695312, 620.2674560546875], [871.5515747070312, 633.2402954101562], [896.0005493164062, 657.7445068359375]]","[[925.1979370117188, 622.8062744140625], [925.1979370117188, 618.4805297851562], [926.63330078125, 617.0386352539062], [928.0686645507812, 622.8062744140625], [951.0344848632812, 622.8062744140625], [919.4564819335938, 648.7604370117188], [968.2588500976562, 648.7604370117188], [905.1028442382812, 681.9241333007812], [988.3538818359375, 686.2498779296875], [889.3138427734375, 713.6459350585938], [981.1770629882812, 709.3203125], [938.1161499023438, 729.5068359375], [969.6942138671875, 728.06494140625], [909.408935546875, 781.415283203125], [962.517333984375, 758.3448486328125], [906.5382080078125, 854.9521484375], [985.4832153320312, 818.9047241210938]]","[[679, 578], [1246, 578], [611, 740], [1308, 740], [492, 1015], [1418, 1015]]","[[544, 534], [544, 740], [1368, 740], [1368, 534]]","[829, 508]",None,None
142809,"[[892.0949096679688, 518.2667236328125], [894.9701538085938, 513.94873046875], [887.7820434570312, 513.94873046875], [902.1582641601562, 515.3880615234375], [882.0315551757812, 519.7060546875], [910.783935546875, 536.9779052734375], [879.1563720703125, 538.417236328125], [915.0968627929688, 562.8857421875], [877.7186889648438, 560.007080078125], [912.2216186523438, 585.9149169921875], [876.2810668945312, 555.6891479492188], [906.4711303710938, 593.1115112304688], [887.7820434570312, 593.1115112304688], [912.2216186523438, 629.0946044921875], [897.8453979492188, 624.7766723632812], [910.783935546875, 667.9563598632812], [899.282958984375, 667.9563598632812]]","[[921.2291259765625, 623.7464599609375], [921.2291259765625, 619.4229736328125], [925.5153198242188, 616.5405883789062], [925.5153198242188, 622.3052978515625], [946.9464721679688, 623.7464599609375], [915.5140991210938, 652.5698852539062], [966.9488525390625, 648.246337890625], [904.084228515625, 688.59912109375], [985.5225219726562, 688.59912109375], [888.3679809570312, 717.4225463867188], [976.9500732421875, 718.8637084960938], [939.8027954101562, 733.2754516601562], [972.663818359375, 727.5107421875], [906.941650390625, 777.9517211914062], [962.66259765625, 757.7752685546875], [904.084228515625, 850.0101928710938], [985.5225219726562, 818.304443359375]]","[[679, 578], [1246, 578], [611, 740], [1308, 740], [492, 1015], [1418, 1015]]","[[544, 534], [544, 740], [1368, 740], [1368, 534]]","[829, 516]",None,None
142810,"[[892.643310546875, 525.128662109375], [895.486572265625, 520.817138671875], [888.3784790039062, 522.2542724609375], [902.5946655273438, 522.2542724609375], [884.1136474609375, 525.128662109375], [911.1243896484375, 540.9375610351562], [884.1136474609375, 543.8118896484375], [916.810791015625, 569.6809692382812], [885.5352172851562, 575.4296875], [916.810791015625, 595.550048828125], [882.6920166015625, 589.8013916015625], [911.1243896484375, 595.550048828125], [891.2216796875, 594.1128540039062], [918.2323608398438, 627.1678466796875], [904.0162963867188, 621.4191284179688], [901.1730346679688, 645.85107421875], [904.0162963867188, 657.3484497070312]]","[[917.0958862304688, 625.1441650390625], [918.5269775390625, 622.2691040039062], [921.3889770507812, 619.3939819335938], [921.3889770507812, 623.7066040039062], [945.7157592773438, 625.1441650390625], [914.23388671875, 651.0200805664062], [964.3186645507812, 648.1449584960938], [904.2169799804688, 691.2714233398438], [982.9215087890625, 691.2714233398438], [888.4761352539062, 720.0223999023438], [975.7666015625, 720.0223999023438], [942.853759765625, 728.647705078125], [974.3356323242188, 727.210205078125], [907.0789794921875, 778.9619750976562], [962.8876342773438, 758.836181640625], [902.7860107421875, 850.83935546875], [984.3525390625, 819.21337890625]]","[[679, 578], [1246, 578], [611, 740], [1308, 740], [492, 1015], [1418, 1015]]","[[544, 534], [544, 740], [1368, 740], [1368, 534]]","[857, 519]",None,None
142811,"[[896.7293701171875, 532.1433715820312], [899.5424194335938, 526.3812255859375], [893.916259765625, 529.2623291015625], [906.5750732421875, 529.2623291015625], [891.1032104492188, 533.5839233398438], [913.6076049804688, 552.3110961914062], [889.6967163085938, 552.3110961914062], [898.1358642578125, 584.0032958984375], [900.9489135742188, 582.562744140625], [882.6640625, 523.5000610351562], [882.6640625, 523.5000610351562], [912.2011108398438, 601.2898559570312], [896.7293701171875, 599.849365234375], [906.5750732421875, 620.01708984375], [909.3880615234375, 622.898193359375], [903.761962890625, 644.5064697265625], [905.1685180664062, 660.3525390625]]","[[910.4578857421875, 629.3444213867188], [913.33740234375, 625.02734375], [911.8976440429688, 623.5883178710938], [920.5359497070312, 627.9053955078125], [942.131591796875, 629.3444213867188], [911.8976440429688, 656.6859130859375], [963.7272338867188, 653.807861328125], [901.8197021484375, 698.4176635742188], [982.4434814453125, 696.9786376953125], [887.422607421875, 724.3201293945312], [972.365478515625, 722.881103515625], [940.6918334960938, 734.393310546875], [972.365478515625, 732.9542846679688], [907.5784912109375, 783.3201904296875], [963.7272338867188, 764.6128540039062], [901.8197021484375, 852.3934326171875], [988.2023315429688, 826.4910278320312]]","[[679, 578], [1246, 578], [611, 740], [1308, 740], [492, 1015], [1418, 1015]]","[[544, 534], [544, 740], [1368, 740], [1368, 534]]","[879, 525]",None,None
142812,"[[896.7313842773438, 532.3087768554688], [899.54052734375, 526.5491333007812], [893.9223022460938, 529.428955078125], [906.5633544921875, 529.428955078125], [889.7085571289062, 532.3087768554688], [913.5862426757812, 552.46728515625], [889.7085571289062, 552.46728515625], [898.135986328125, 584.14501953125], [900.9451293945312, 582.7051391601562], [882.685791015625, 523.6693725585938], [882.685791015625, 523.6693725585938], [912.1817016601562, 601.4237670898438], [896.7313842773438, 599.9838256835938], [906.5633544921875, 620.1423950195312], [909.3724975585938, 623.022216796875], [903.7542724609375, 644.6206665039062], [905.1588134765625, 660.45947265625]]","[[910.4517211914062, 629.3786010742188], [913.330810546875, 625.0625], [911.8912353515625, 623.623779296875], [920.5286254882812, 627.93994140625], [942.1220703125, 629.3786010742188], [911.8912353515625, 656.714111328125], [963.7155151367188, 653.836669921875], [901.8143310546875, 698.4366455078125], [982.4298095703125, 696.9979248046875], [887.418701171875, 724.3333740234375], [972.3528442382812, 722.8946533203125], [940.6824951171875, 734.4043579101562], [972.3528442382812, 732.9656372070312], [907.5726318359375, 783.3204345703125], [963.7155151367188, 764.6171875], [901.8143310546875, 852.3784790039062], [988.1880493164062, 826.481689453125]]","[[679, 578], [1246, 578], [611, 740], [1308, 740], [492, 1015], [1418, 1015]]","[[544, 534], [544, 740], [1368, 740], [1368, 534]]","[879, 523]",bottom,push/rush
142813,"[[903.7217407226562, 540.7376708984375], [906.5879516601562, 536.4512329101562], [899.4224243164062, 536.4512329101562], [912.3204345703125, 533.5936889648438], [895.123046875, 537.8800659179688], [916.6197509765625, 559.3121337890625], [896.5562133789062, 562.1697387695312], [915.1866455078125, 583.601806640625], [897.9892578125, 585.0305786132812], [916.6197509765625, 605.0338134765625], [902.2886352539062, 609.3202514648438], [910.8873291015625, 605.0338134765625], [895.123046875, 606.462646484375], [935.250244140625, 619.3218994140625], [910.8873291015625, 623.6082763671875], [910.8873291015625, 653.6131591796875], [903.7217407226562, 639.3251342773438]]","[[906.5515747070312, 635.7279663085938], [913.6929931640625, 631.4066162109375], [909.4081420898438, 631.4066162109375], [920.8342895507812, 632.8471069335938], [943.686767578125, 632.8471069335938], [913.6929931640625, 660.2157592773438], [963.6825561523438, 658.7752685546875], [902.2667846679688, 701.989013671875], [979.3934936523438, 701.989013671875], [885.12744140625, 729.357666015625], [963.6825561523438, 723.5958251953125], [939.4019165039062, 740.88134765625], [970.8238525390625, 735.1194458007812], [906.5515747070312, 789.8568115234375], [962.2542114257812, 769.6904296875], [903.695068359375, 858.998779296875], [987.9632568359375, 828.7492065429688]]","[[679, 578], [1246, 578], [611, 740], [1308, 740], [492, 1015], [1418, 1015]]","[[544, 534], [544, 740], [1368, 740], [1368, 534]]","[905, 532]",None,None
142814,"[[912.4461059570312, 540.4208984375], [915.3094482421875, 534.6700439453125], [908.1511840820312, 537.5454711914062], [919.6044921875, 534.6700439453125], [902.4244384765625, 538.9832153320312], [925.3311157226562, 557.6734619140625], [899.5611572265625, 563.4242553710938], [942.5111694335938, 563.4242553710938], [899.5611572265625, 589.3031616210938], [961.122802734375, 573.48828125], [905.2877807617188, 615.1820068359375], [913.8778076171875, 607.993408203125], [893.8344116210938, 610.8688354492188], [942.5111694335938, 625.2459716796875], [912.4461059570312, 639.6231079101562], [915.3094482421875, 661.1888427734375], [908.1511840820312, 661.1888427734375]]","[[906.5276489257812, 641.4016723632812], [915.1503295898438, 632.7847900390625], [949.6405639648438, 637.0932006835938], [920.898681640625, 637.0932006835938], [946.7662963867188, 639.9655151367188], [915.1503295898438, 665.8161010742188], [965.4486083984375, 667.2522583007812], [903.653564453125, 703.1558227539062], [976.9453735351562, 707.4642944335938], [883.5341186523438, 731.8787231445312], [961.1373291015625, 723.2619018554688], [938.143798828125, 744.8040161132812], [968.3228759765625, 739.0595092773438], [906.5276489257812, 797.94140625], [959.7001953125, 769.218505859375], [906.5276489257812, 861.1317138671875], [985.5679321289062, 823.7919921875]]","[[679, 578], [1246, 578], [611, 740], [1308, 740], [492, 1015], [1418, 1015]]","[[544, 534], [544, 740], [1368, 740], [1368, 534]]","[926, 544]",None,None
142815,"[[919.7783813476562, 535.8140869140625], [922.6221923828125, 531.519287109375], [915.5125122070312, 531.519287109375], [926.8880615234375, 534.3825073242188], [908.40283203125, 535.8140869140625], [931.1538696289062, 552.9935913085938], [902.715087890625, 558.7200927734375], [951.06103515625, 568.7413940429688], [898.4492797851562, 590.2156982421875], [962.4364624023438, 573.0362548828125], [902.715087890625, 624.5745849609375], [915.5125122070312, 604.5319213867188], [895.6054077148438, 607.3952026367188], [945.373291015625, 630.3010864257812], [918.3563842773438, 627.4378662109375], [912.6686401367188, 664.6599731445312], [908.40283203125, 664.6599731445312]]","[[902.4256591796875, 637.8580932617188], [913.9089965820312, 636.4177856445312], [902.4256591796875, 634.9774169921875], [921.0860595703125, 642.17919921875], [946.9237060546875, 646.500244140625], [913.9089965820312, 670.9862670898438], [961.2779541015625, 672.4265747070312], [900.990234375, 712.7564697265625], [972.7612915039062, 711.3161010742188], [882.3297119140625, 734.36181640625], [958.4071044921875, 727.1600341796875], [936.8757934570312, 750.2056884765625], [965.5841674804688, 744.4442749023438], [903.8610229492188, 804.9390869140625], [958.4071044921875, 771.8109741210938], [908.1673583984375, 865.4338989257812], [985.6801147460938, 823.6636962890625]]","[[679, 578], [1246, 578], [611, 740], [1308, 740], [492, 1015], [1418, 1015]]","[[544, 534], [544, 740], [1368, 740], [1368, 534]]","[943, 555]",None,None
142816,"[[926.5533447265625, 529.2001342773438], [929.4175415039062, 523.4817504882812], [920.8250732421875, 524.911376953125], [932.2816772460938, 526.3409423828125], [913.664794921875, 529.2001342773438], [932.2816772460938, 556.3623657226562], [903.6402587890625, 559.2215576171875], [946.6023559570312, 556.3623657226562], [897.9119873046875, 589.2429809570312], [942.30615234375, 613.5460815429688], [899.343994140625, 617.8348388671875], [917.9609985351562, 602.1093139648438], [897.9119873046875, 603.5388793945312], [949.466552734375, 619.264404296875], [915.0968017578125, 623.5531616210938], [948.0344848632812, 616.4052124023438], [909.3684692382812, 662.1521606445312]]","[[958.7890014648438, 648.0107421875], [923.0322265625, 630.7197265625], [955.928466796875, 643.68798828125], [925.892822265625, 637.92431640625], [953.0679321289062, 648.0107421875], [914.4506225585938, 673.947265625], [957.3587646484375, 673.947265625], [900.14794921875, 715.7339477539062], [961.6495971679688, 624.9559936523438], [878.69384765625, 730.1431274414062], [892.9965209960938, 590.3740234375], [931.6138916015625, 754.6387329101562], [960.2192993164062, 747.4341430664062], [895.8571166992188, 812.2755126953125], [958.7890014648438, 774.8115844726562], [907.2992553710938, 868.4713134765625], [984.533935546875, 822.3619384765625]]","[[679, 578], [1246, 578], [611, 740], [1308, 740], [492, 1015], [1418, 1015]]","[[544, 534], [544, 740], [1368, 740], [1368, 534]]","[958, 566]",None,None
142817,"[[928.760498046875, 524.4591674804688], [931.6128540039062, 520.1661376953125], [924.482177734375, 520.1661376953125], [937.3173217773438, 523.0281982421875], [917.3515625, 523.0281982421875], [935.8911743164062, 545.9243774414062], [907.36865234375, 551.6484375], [957.2830200195312, 550.2174682617188], [891.6812744140625, 578.8377075195312], [975.8226928710938, 560.2344970703125], [893.1073608398438, 604.595947265625], [921.6299438476562, 596.0098266601562], [900.238037109375, 596.0098266601562], [960.13525390625, 620.3370971679688], [911.64697265625, 626.0611572265625], [954.4307861328125, 660.4054565429688], [907.36865234375, 668.9915771484375]]","[[955.97509765625, 647.7937622070312], [924.43212890625, 644.9193115234375], [953.1075439453125, 646.3565063476562], [927.2996826171875, 652.1055297851562], [948.8062744140625, 653.542724609375], [914.395751953125, 676.53857421875], [954.5413208007812, 676.53857421875], [900.0579833984375, 713.9067993164062], [960.2763671875, 621.9234619140625], [877.1177368164062, 726.8419189453125], [911.5282592773438, 633.42138671875], [927.2996826171875, 762.7728881835938], [955.97509765625, 752.712158203125], [887.1541137695312, 817.3878784179688], [961.7101440429688, 778.5825805664062], [905.7931518554688, 869.1286010742188], [987.51806640625, 827.4486083984375]]","[[679, 578], [1246, 578], [611, 740], [1308, 740], [492, 1015], [1418, 1015]]","[[544, 534], [544, 740], [1368, 740], [1368, 534]]","[949, 555]",None,None
142818,"[[929.7938232421875, 522.7310180664062], [932.6522827148438, 519.857666015625], [924.0767211914062, 519.857666015625], [936.940185546875, 521.2943115234375], [916.9303588867188, 522.7310180664062], [936.940185546875, 545.7177124023438], [908.3546752929688, 551.4644165039062], [956.9500122070312, 550.0277099609375], [891.203369140625, 578.7611083984375], [975.530517578125, 560.0844116210938], [892.6326293945312, 604.6211547851562], [921.2181396484375, 596.0011596679688], [901.2083740234375, 597.4378051757812], [959.8085327148438, 620.424560546875], [912.6425170898438, 624.7345581054688], [954.0914916992188, 659.214599609375], [906.9254150390625, 675.0179443359375]]","[[957.437744140625, 650.9514770507812], [924.5497436523438, 642.3197021484375], [954.5780029296875, 649.5128173828125], [927.4095458984375, 652.3900756835938], [950.2882080078125, 656.7059326171875], [914.540283203125, 675.4080200195312], [956.0078735351562, 676.8466796875], [898.8112182617188, 715.6893920898438], [960.2976684570312, 622.1790161132812], [875.9326171875, 725.759765625], [911.6804809570312, 636.5652465820312], [925.9796752929688, 764.6026000976562], [954.5780029296875, 755.9708251953125], [887.3719482421875, 816.3928833007812], [961.7275390625, 778.98876953125], [905.9608154296875, 868.1832885742188], [987.4660034179688, 825.0245971679688]]","[[679, 578], [1246, 578], [611, 740], [1308, 740], [492, 1015], [1418, 1015]]","[[544, 534], [544, 740], [1368, 740], [1368, 534]]","[940, 544]",None,None
142819,"[[933.7999877929688, 516.3480834960938], [936.6561279296875, 512.0394897460938], [929.515869140625, 512.0394897460938], [939.51220703125, 513.4756469726562], [920.947509765625, 513.4756469726562], [939.51220703125, 536.454833984375], [908.094970703125, 537.8910522460938], [966.6452026367188, 545.072021484375], [889.5302734375, 568.0511474609375], [982.3538818359375, 556.5615844726562], [888.1022338867188, 592.4664916992188], [923.8036499023438, 586.7217407226562], [899.5266723632812, 586.7217407226562], [962.361083984375, 616.8818359375], [908.094970703125, 625.4990844726562], [945.2244262695312, 654.2229614257812], [905.2388916015625, 665.7125854492188]]","[[925.4522705078125, 645.4114990234375], [928.327880859375, 643.9706420898438], [952.7702026367188, 654.0564575195312], [928.327880859375, 654.0564575195312], [951.3323974609375, 659.81982421875], [913.949951171875, 674.2281494140625], [954.2080688476562, 677.1098022460938], [896.6964721679688, 713.130615234375], [962.834716796875, 612.2723388671875], [873.6919555664062, 723.2164306640625], [906.7611083984375, 635.3256225585938], [918.2633056640625, 762.118896484375], [948.4569091796875, 757.79638671875], [879.443115234375, 815.4297485351562], [958.5213623046875, 780.8497314453125], [903.8854370117188, 867.2996826171875], [985.83935546875, 825.5155029296875]]","[[679, 578], [1246, 578], [611, 740], [1308, 740], [492, 1015], [1418, 1015]]","[[544, 534], [544, 740], [1368, 740], [1368, 534]]","[931, 533]",None,None
142820,"[[936.5906372070312, 510.57470703125], [939.4635009765625, 506.2802734375], [930.8448486328125, 506.2802734375], [942.33642578125, 509.1432189941406], [922.2261352539062, 509.1432189941406], [943.7728271484375, 530.6154174804688], [912.1709594726562, 533.4783325195312], [965.319580078125, 537.7727661132812], [892.0606689453125, 547.7931518554688], [983.9934692382812, 550.6560668945312], [884.87841796875, 563.5393676757812], [927.971923828125, 583.5801391601562], [906.4251708984375, 583.5801391601562], [963.883056640625, 612.209716796875], [907.861572265625, 619.3670654296875], [943.7728271484375, 652.2911376953125], [902.1157836914062, 660.8800048828125]]","[[921.7518310546875, 647.4415283203125], [924.607666015625, 644.570556640625], [947.45458984375, 650.3125], [924.607666015625, 650.3125], [946.026611328125, 656.0545043945312], [910.328369140625, 670.4094848632812], [953.166259765625, 677.5869750976562], [894.6212158203125, 707.7324829101562], [963.1617431640625, 611.5540161132812], [868.91845703125, 726.3939819335938], [904.61669921875, 628.780029296875], [914.6121826171875, 755.1039428710938], [943.1707763671875, 749.3619995117188], [874.6302490234375, 808.2174072265625], [954.59423828125, 783.8139038085938], [898.905029296875, 862.7664184570312], [981.724853515625, 826.8788452148438]]","[[679, 578], [1246, 578], [611, 740], [1308, 740], [492, 1015], [1418, 1015]]","[[544, 534], [544, 740], [1368, 740], [1368, 534]]","[922, 522]",None,None
142821,"[[936.421630859375, 506.960205078125], [940.7272338867188, 502.63873291015625], [932.1161499023438, 504.0791931152344], [945.0328369140625, 505.51971435546875], [924.9400634765625, 504.0791931152344], [947.9033203125, 527.1271362304688], [914.8936767578125, 527.1271362304688], [967.99609375, 537.2106323242188], [890.4953002929688, 540.0916137695312], [983.7832641601562, 544.4130859375], [884.7545166015625, 560.2586059570312], [932.1161499023438, 580.425537109375], [909.1528930664062, 578.9850463867188], [966.560791015625, 607.7949829101562], [909.1528930664062, 610.6759643554688], [952.2089233398438, 651.0098266601562], [896.236083984375, 656.7718505859375]]","[[914.56298828125, 641.6112670898438], [917.4230346679688, 640.172607421875], [947.4541625976562, 645.9273681640625], [918.8530883789062, 645.9273681640625], [943.1640014648438, 651.6822509765625], [905.9826049804688, 670.385498046875], [950.314208984375, 676.1403198242188], [887.3920288085938, 707.7918701171875], [951.7442626953125, 712.1080322265625], [865.9412231445312, 732.2499389648438], [956.034423828125, 640.172607421875], [910.2728271484375, 753.83056640625], [943.1640014648438, 752.391845703125], [867.3712158203125, 802.7466430664062], [953.1743774414062, 782.6046752929688], [887.3920288085938, 853.1014404296875], [977.4851684570312, 828.6434326171875]]","[[679, 578], [1246, 578], [611, 740], [1308, 740], [492, 1015], [1418, 1015]]","[[544, 534], [544, 740], [1368, 740], [1368, 534]]","[914, 512]",top,drive
142822,"[[938.111328125, 504.21832275390625], [942.4187622070312, 499.9233703613281], [933.8038940429688, 499.9233703613281], [946.7262573242188, 502.7866516113281], [926.6248168945312, 501.35504150390625], [951.03369140625, 525.693359375], [913.7025146484375, 522.8300170898438], [966.82763671875, 532.8516235351562], [874.9354858398438, 529.9883422851562], [984.0574340820312, 545.7366333007812], [893.60107421875, 509.94500732421875], [935.23974609375, 575.8016357421875], [910.8309326171875, 574.3699951171875], [969.6992797851562, 607.2982788085938], [909.39501953125, 608.7299194335938], [962.5202026367188, 645.9532470703125], [890.7294311523438, 651.679931640625]]","[[910.1878051757812, 645.2240600585938], [913.0474243164062, 642.3407592773438], [913.0474243164062, 642.3407592773438], [913.0474243164062, 646.6657104492188], [937.354248046875, 650.9906005859375], [903.0387573242188, 668.2904052734375], [947.3629150390625, 681.2651977539062], [884.4512329101562, 705.773193359375], [951.65234375, 717.3063354492188], [858.7146606445312, 734.6060791015625], [934.49462890625, 738.9310302734375], [910.1878051757812, 751.9058227539062], [941.6436767578125, 749.0225219726562], [864.4338989257812, 802.3634643554688], [943.073486328125, 777.8554077148438], [874.4425659179688, 857.1459350585938], [973.0994873046875, 826.8713989257812]]","[[679, 578], [1246, 578], [611, 740], [1308, 740], [492, 1015], [1418, 1015]]","[[544, 534], [544, 740], [1368, 740], [1368, 534]]","[905, 501]",None,None
142823,"[[938.6911010742188, 502.8152160644531], [943.0096435546875, 498.51971435546875], [934.3724975585938, 497.087890625], [948.7677612304688, 501.38336181640625], [927.1748046875, 498.51971435546875], [951.6467895507812, 525.7244262695312], [915.6586303710938, 522.8607788085938], [966.0420532226562, 532.8836059570312], [888.3076171875, 528.5880737304688], [983.31640625, 545.7700805664062], [888.3076171875, 527.1563110351562], [938.6911010742188, 575.8384399414062], [914.2191772460938, 572.9747924804688], [968.9212036132812, 608.7704467773438], [905.5819702148438, 611.6341552734375], [974.6792602539062, 648.8616943359375], [883.9890747070312, 644.566162109375]]","[[904.1834106445312, 648.7374877929688], [905.6217041015625, 644.414306640625], [907.06005859375, 645.8553466796875], [908.4983520507812, 648.7374877929688], [932.9496459960938, 650.1785278320312], [898.4302368164062, 671.7943725585938], [944.4561767578125, 680.4407348632812], [878.2938232421875, 709.2619018554688], [951.6477661132812, 719.3493041992188], [849.527587890625, 733.7598876953125], [941.57958984375, 748.17041015625], [908.4983520507812, 753.9346923828125], [940.1412353515625, 749.6114501953125], [866.7872924804688, 807.2537841796875], [940.1412353515625, 776.9915161132812], [859.595703125, 869.21923828125], [964.592529296875, 827.4285888671875]]","[[679, 578], [1246, 578], [611, 740], [1308, 740], [492, 1015], [1418, 1015]]","[[544, 534], [544, 740], [1368, 740], [1368, 534]]","[896, 490]",None,None
142824,"[[938.2515258789062, 502.940185546875], [942.5210571289062, 498.6199645996094], [933.982177734375, 497.1798400878906], [948.2135620117188, 501.5001220703125], [926.866455078125, 498.6199645996094], [951.059814453125, 525.9814453125], [915.4813842773438, 523.101318359375], [968.137451171875, 533.181884765625], [888.4417724609375, 528.8616333007812], [982.3688354492188, 546.142578125], [888.4417724609375, 525.9814453125], [938.2515258789062, 576.38427734375], [914.0582885742188, 573.504150390625], [969.560546875, 608.0660400390625], [905.5194091796875, 612.3862915039062], [973.8300170898438, 648.3883056640625], [884.17236328125, 644.068115234375]]","[[904.1227416992188, 648.8484497070312], [905.5614013671875, 644.523681640625], [907.0001831054688, 645.9652099609375], [908.43896484375, 648.8484497070312], [932.8975830078125, 650.2901000976562], [898.3677978515625, 670.4725341796875], [944.407470703125, 680.5637817382812], [878.225341796875, 709.3959350585938], [951.6011962890625, 719.4871215820312], [849.4505004882812, 733.9031982421875], [941.5299682617188, 748.3192749023438], [908.43896484375, 754.085693359375], [940.09130859375, 749.7609252929688], [866.7155151367188, 807.4251708984375], [938.6525268554688, 775.7097778320312], [859.5217895507812, 869.4141845703125], [964.5498046875, 827.6075439453125]]","[[679, 578], [1246, 578], [611, 740], [1308, 740], [492, 1015], [1418, 1015]]","[[544, 534], [544, 740], [1368, 740], [1368, 534]]","[887, 479]",None,None
142825,"[[936.9984741210938, 500.7340087890625], [942.7093505859375, 496.43438720703125], [934.14306640625, 496.43438720703125], [948.420166015625, 499.3008117675781], [927.0045166015625, 497.8675842285156], [952.7032470703125, 525.0984497070312], [915.5828247070312, 522.2319946289062], [966.9803466796875, 530.8312377929688], [887.0287475585938, 527.96484375], [981.2574462890625, 545.1632690429688], [881.3179321289062, 505.0335998535156], [941.2816162109375, 576.6936645507812], [915.5828247070312, 576.6936645507812], [968.4080200195312, 609.6573486328125], [902.7335205078125, 612.5237426757812], [975.5465087890625, 649.7869873046875], [879.89013671875, 638.3214111328125]]","[[900.8440551757812, 651.6218872070312], [903.7086791992188, 645.8598022460938], [903.7086791992188, 650.1813354492188], [905.1409301757812, 650.1813354492188], [929.489990234375, 653.0624389648438], [896.547119140625, 674.6702880859375], [942.3807373046875, 683.3134765625], [873.6303100585938, 713.5645751953125], [950.9745483398438, 723.6482543945312], [840.6874389648438, 733.73193359375], [942.3807373046875, 752.4588012695312], [906.5732421875, 756.7803344726562], [936.6515502929688, 752.4588012695312], [867.9011840820312, 810.079833984375], [936.6515502929688, 779.8287353515625], [857.8750610351562, 873.4629516601562], [959.568359375, 838.890380859375]]","[[679, 578], [1246, 578], [611, 740], [1308, 740], [492, 1015], [1418, 1015]]","[[544, 534], [544, 740], [1368, 740], [1368, 534]]","[879, 469]",None,None
142826,"[[937.0716552734375, 500.4365539550781], [939.9437866210938, 496.1385803222656], [932.763427734375, 494.7059326171875], [947.1242065429688, 499.00390625], [927.0191040039062, 497.5712585449219], [954.3045654296875, 524.7914428710938], [916.9666137695312, 521.9261474609375], [886.80908203125, 527.6566772460938], [888.2451782226562, 529.08935546875], [977.28173828125, 549.1463012695312], [878.192626953125, 509.0323791503906], [942.8159790039062, 574.9338989257812], [918.4027099609375, 574.9338989257812], [970.101318359375, 609.3171997070312], [901.1698608398438, 615.0477905273438], [974.4095458984375, 649.4312133789062], [875.3204345703125, 629.3742065429688]]","[[896.6510620117188, 653.09716796875], [898.0856323242188, 648.7797241210938], [899.5201416015625, 648.7797241210938], [900.9547119140625, 651.6580200195312], [926.7772216796875, 653.09716796875], [892.3472900390625, 676.123291015625], [941.123046875, 681.8798217773438], [869.3939208984375, 710.6624755859375], [952.5996704101562, 725.0538330078125], [833.5294189453125, 729.3712768554688], [941.123046875, 755.2756958007812], [902.3893432617188, 759.5930786132812], [935.3847045898438, 755.2756958007812], [865.0902709960938, 808.523681640625], [936.8192749023438, 782.6192016601562], [856.4827270507812, 871.8455810546875], [959.7726440429688, 835.8671875]]","[[679, 578], [1246, 578], [611, 740], [1308, 740], [492, 1015], [1418, 1015]]","[[544, 534], [544, 740], [1368, 740], [1368, 534]]","[874, 469]",None,None
142827,"[[936.6709594726562, 499.63262939453125], [940.9828491210938, 495.3264465332031], [933.79638671875, 495.3264465332031], [945.2945556640625, 498.197265625], [926.6099853515625, 498.197265625], [951.043701171875, 522.5989990234375], [916.5490112304688, 522.5989990234375], [965.4165649414062, 528.3406372070312], [896.4271240234375, 531.2113647460938], [963.979248046875, 528.3406372070312], [876.30517578125, 531.2113647460938], [943.8572998046875, 575.7086791992188], [919.423583984375, 575.7086791992188], [969.7283935546875, 608.7228393554688], [897.8644409179688, 617.335205078125], [975.4775390625, 648.9139404296875], [873.4306030273438, 624.51220703125]]","[[896.5136108398438, 647.7916870117188], [899.3768920898438, 644.9190063476562], [899.3768920898438, 643.4826049804688], [899.3768920898438, 649.2280883789062], [925.1460571289062, 652.100830078125], [890.7871704101562, 675.0827026367188], [940.8939208984375, 680.828125], [867.8812255859375, 710.9917602539062], [955.2101440429688, 718.1736450195312], [830.6591186523438, 731.1008911132812], [953.7785034179688, 739.7191162109375], [902.2401733398438, 758.391845703125], [936.5990600585938, 752.6463623046875], [862.15478515625, 807.228271484375], [943.7571411132812, 779.9373779296875], [856.42822265625, 868.9918823242188], [962.3682861328125, 831.6464233398438]]","[[679, 578], [1246, 578], [611, 740], [1308, 740], [492, 1015], [1418, 1015]]","[[544, 534], [544, 740], [1368, 740], [1368, 534]]","[866, 465]",None,None
142828,"[[932.745849609375, 498.08184814453125], [937.028076171875, 493.7629089355469], [928.463623046875, 493.7629089355469], [942.7376708984375, 498.08184814453125], [924.181396484375, 496.6422119140625], [952.7295532226562, 523.9954223632812], [912.7621459960938, 523.9954223632812], [967.0035400390625, 531.1936645507812], [895.6333618164062, 534.0729370117188], [964.1487426757812, 529.7540283203125], [881.359375, 549.9090576171875], [945.592529296875, 575.8225708007812], [918.4718017578125, 575.8225708007812], [968.4309692382812, 608.9344482421875], [895.6333618164062, 614.6929931640625], [975.5679931640625, 649.2444458007812], [871.3674926757812, 623.3308715820312]]","[[893.9791870117188, 649.2403564453125], [896.8363647460938, 643.4908447265625], [898.2649536132812, 647.802978515625], [898.2649536132812, 647.802978515625], [923.9791870117188, 650.677734375], [888.2649536132812, 673.6757202148438], [941.1220703125, 677.9878540039062], [871.1221313476562, 706.7352905273438], [952.5505981445312, 711.0474243164062], [836.83642578125, 734.04541015625], [955.4077758789062, 735.4827880859375], [901.1221313476562, 754.168701171875], [935.4077758789062, 749.8565673828125], [859.6935424804688, 800.1646728515625], [949.6934814453125, 778.60400390625], [853.979248046875, 864.8464965820312], [969.6934814453125, 830.3495483398438]]","[[679, 578], [1246, 578], [611, 740], [1308, 740], [492, 1015], [1418, 1015]]","[[544, 534], [544, 740], [1368, 740], [1368, 534]]","[870, 456]",None,None
142829,"[[929.3171997070312, 499.9704895019531], [933.591064453125, 494.21728515625], [926.4678955078125, 494.21728515625], [940.7140502929688, 499.9704895019531], [922.1941528320312, 497.0939025878906], [952.1109619140625, 524.421630859375], [910.7972412109375, 522.9832763671875], [972.0555419921875, 540.242919921875], [892.2772216796875, 540.242919921875], [972.0555419921875, 544.557861328125], [885.1541748046875, 561.8174438476562], [943.5632934570312, 577.6387329101562], [916.4956665039062, 574.7621459960938], [966.3571166992188, 607.843017578125], [892.2772216796875, 612.1580200195312], [973.4801635742188, 648.115478515625], [870.9081420898438, 632.294189453125]]","[[896.6702880859375, 641.6715698242188], [898.1077270507812, 641.6715698242188], [899.5451049804688, 638.7977905273438], [899.5451049804688, 645.982177734375], [923.9807739257812, 650.2928466796875], [889.4833374023438, 673.2828979492188], [939.7921142578125, 677.5935668945312], [875.109375, 704.8942260742188], [952.728759765625, 713.5155639648438], [846.3615112304688, 735.0686645507812], [952.728759765625, 735.0686645507812], [900.9824829101562, 753.7481079101562], [936.9174194335938, 749.4375], [859.2980346679688, 795.4176025390625], [955.6034545898438, 783.922607421875], [852.111083984375, 857.2034301757812], [980.0392456054688, 831.3396606445312]]","[[679, 578], [1246, 578], [611, 740], [1308, 740], [492, 1015], [1418, 1015]]","[[544, 534], [544, 740], [1368, 740], [1368, 534]]","[879, 448]",None,None
142830,"[[929.3311767578125, 499.9833984375], [933.608154296875, 494.2336120605469], [926.4797973632812, 494.2336120605469], [940.7366943359375, 499.9833984375], [922.20263671875, 497.10845947265625], [952.1422119140625, 524.4199829101562], [910.797119140625, 522.9825439453125], [972.1018676757812, 540.2318725585938], [892.2631225585938, 540.2318725585938], [972.1018676757812, 544.5443115234375], [885.134765625, 561.7936401367188], [943.5880126953125, 577.6055297851562], [916.4999389648438, 574.7306518554688], [966.399169921875, 607.7919311523438], [892.2631225585938, 612.1043090820312], [973.5275268554688, 648.04052734375], [870.8778686523438, 632.2285766601562]]","[[896.6702880859375, 641.6043701171875], [898.1078491210938, 641.6043701171875], [899.5454711914062, 638.7281494140625], [899.5454711914062, 645.918701171875], [923.984375, 650.2330322265625], [889.4822998046875, 673.2427978515625], [939.7978515625, 677.55712890625], [875.1065063476562, 704.8812255859375], [952.7360229492188, 713.5098876953125], [846.3548583984375, 735.08154296875], [952.7360229492188, 735.08154296875], [900.9830322265625, 753.7769775390625], [936.9226684570312, 749.462646484375], [859.2930908203125, 795.482177734375], [955.6112060546875, 783.977294921875], [852.1051025390625, 857.3209228515625], [980.0502319335938, 831.4349365234375]]","[[679, 578], [1246, 578], [611, 740], [1308, 740], [492, 1015], [1418, 1015]]","[[544, 534], [544, 740], [1368, 740], [1368, 534]]","[879, 448]",bottom,drive
142831,"[[925.750732421875, 500.28009033203125], [928.6267700195312, 495.9701843261719], [921.4367065429688, 495.9701843261719], [937.2548217773438, 498.8434753417969], [915.6846313476562, 498.8434753417969], [947.3208618164062, 524.7030639648438], [908.49462890625, 526.1397094726562], [964.5770874023438, 540.506103515625], [896.990478515625, 549.1259765625], [968.89111328125, 546.252685546875], [892.6764526367188, 582.1688232421875], [941.56884765625, 574.985595703125], [914.2466430664062, 574.985595703125], [958.8250122070312, 600.8451538085938], [889.8004760742188, 606.5917358398438], [973.2051391601562, 645.3811645507812], [871.1062622070312, 636.7612915039062]]","[[896.8154296875, 648.47900390625], [898.2494506835938, 642.7415771484375], [898.2494506835938, 645.6102294921875], [899.6834106445312, 645.6102294921875], [926.9284057617188, 647.044677734375], [891.0796508789062, 672.8632202148438], [941.2679443359375, 677.166259765625], [876.7401733398438, 711.5910034179688], [954.1734619140625, 717.3284301757812], [850.9290161132812, 744.5813598632812], [942.7018432617188, 744.5813598632812], [902.55126953125, 753.1875], [938.4000244140625, 750.3187866210938], [860.9666748046875, 793.3496704101562], [957.0413818359375, 786.1779174804688], [843.75927734375, 859.3303833007812], [988.5882568359375, 832.0775146484375]]","[[679, 578], [1246, 578], [611, 740], [1308, 740], [492, 1015], [1418, 1015]]","[[544, 534], [544, 740], [1368, 740], [1368, 534]]","[885, 446]",None,None
142832,"[[920.9280395507812, 502.4451904296875], [923.7906494140625, 496.6963195800781], [916.6342163085938, 496.6963195800781], [930.9469604492188, 499.5707702636719], [909.4778442382812, 499.5707702636719], [943.8284912109375, 524.0032958984375], [902.3214721679688, 528.31494140625], [962.4349975585938, 535.5010375976562], [896.5963745117188, 552.74755859375], [966.7288208007812, 552.74755859375], [898.0276489257812, 577.1801147460938], [938.1033325195312, 574.3056640625], [910.9091796875, 575.7428588867188], [958.1411743164062, 601.6126708984375], [888.0087280273438, 604.487060546875], [972.4539794921875, 646.1661376953125], [872.2647094726562, 637.5429077148438]]","[[897.4172973632812, 651.6267700195312], [898.8563232421875, 644.427001953125], [898.8563232421875, 648.746826171875], [901.7342529296875, 647.306884765625], [927.6355590820312, 648.746826171875], [893.1004028320312, 671.7860107421875], [940.5862426757812, 676.1058959960938], [881.5886840820312, 717.8644409179688], [950.6589965820312, 717.8644409179688], [855.6873779296875, 755.30322265625], [934.8304443359375, 738.0238037109375], [903.1732177734375, 755.30322265625], [937.7083129882812, 753.8632202148438], [858.5653076171875, 801.3816528320312], [960.7317504882812, 792.7418823242188], [836.9808349609375, 860.4195556640625], [1001.0228271484375, 840.2603149414062]]","[[679, 578], [1246, 578], [611, 740], [1308, 740], [492, 1015], [1418, 1015]]","[[544, 534], [544, 740], [1368, 740], [1368, 534]]","[890, 444]",None,None
142833,"[[915.0810546875, 503.6645812988281], [919.3687744140625, 499.3643798828125], [910.7932739257812, 499.3643798828125], [926.5150146484375, 500.7978210449219], [906.505615234375, 502.231201171875], [940.8074951171875, 523.7321166992188], [899.359375, 528.0322875976562], [959.3876953125, 538.0661010742188], [895.0715942382812, 555.266845703125], [963.6754150390625, 550.9666748046875], [899.359375, 576.7677612304688], [935.0904541015625, 571.0342407226562], [909.3640747070312, 571.0342407226562], [957.95849609375, 601.1355590820312], [889.3546752929688, 598.2687377929688], [972.2509765625, 645.57080078125], [872.20361328125, 635.5370483398438]]","[[895.4644165039062, 651.5081787109375], [899.7562255859375, 647.1944580078125], [899.7562255859375, 650.0702514648438], [901.1868286132812, 650.0702514648438], [928.3683471679688, 651.5081787109375], [894.0338134765625, 675.95263671875], [939.8131713867188, 678.8284912109375], [886.8807983398438, 724.8416137695312], [948.396728515625, 713.3383178710938], [862.560546875, 759.3513793945312], [916.9235229492188, 717.6520385742188], [905.4786376953125, 760.7893676757812], [939.8131713867188, 756.4756469726562], [855.4075317382812, 803.9266357421875], [965.56396484375, 799.6129150390625], [833.9485473632812, 865.7568359375], [1008.4820556640625, 849.9397583007812]]","[[679, 578], [1246, 578], [611, 740], [1308, 740], [492, 1015], [1418, 1015]]","[[544, 534], [544, 740], [1368, 740], [1368, 534]]","[894, 444]",None,None
142834,"[[912.7652587890625, 504.2914733886719], [915.6382446289062, 499.9770202636719], [908.4556884765625, 499.9770202636719], [922.82080078125, 501.4151306152344], [901.2732543945312, 502.85333251953125], [934.3128051757812, 521.5494995117188], [894.0906982421875, 528.7403564453125], [955.8604736328125, 535.93115234375], [892.6541748046875, 554.6273193359375], [961.6065063476562, 548.8746948242188], [899.836669921875, 576.1998291015625], [932.8762817382812, 566.1326904296875], [907.0191650390625, 569.009033203125], [957.2969360351562, 596.3341674804688], [885.4716186523438, 599.2105102539062], [973.0985107421875, 643.793701171875], [872.5430297851562, 636.6028442382812]]","[[894.84423828125, 652.4501342773438], [897.7081298828125, 649.56689453125], [899.1399536132812, 651.008544921875], [900.5718383789062, 651.008544921875], [927.7778930664062, 653.8917846679688], [896.2761840820312, 679.8411865234375], [936.3692626953125, 679.8411865234375], [890.548583984375, 730.2982788085938], [940.6650390625, 723.0901489257812], [869.0701293945312, 762.01416015625], [973.5985717773438, 640.9171142578125], [906.2994384765625, 763.455810546875], [939.2330932617188, 762.01416015625], [856.18310546875, 803.8214721679688], [966.4391479492188, 800.938232421875], [834.7046508789062, 865.8116455078125], [1005.1004028320312, 845.6288452148438]]","[[679, 578], [1246, 578], [611, 740], [1308, 740], [492, 1015], [1418, 1015]]","[[544, 534], [544, 740], [1368, 740], [1368, 534]]","[898, 448]",None,None
142835,"[[910.5488891601562, 504.03570556640625], [914.8427124023438, 499.7164001464844], [906.2550659179688, 499.7164001464844], [920.5677490234375, 501.15618896484375], [900.5299072265625, 502.595947265625], [933.44921875, 519.8731689453125], [891.9423828125, 527.0719604492188], [956.3494873046875, 534.2708740234375], [891.9423828125, 552.98779296875], [960.643310546875, 551.5480346679688], [900.5299072265625, 578.9036254882812], [932.0179443359375, 563.066162109375], [906.2550659179688, 565.9457397460938], [957.7808227539062, 590.4217529296875], [881.9234008789062, 597.62060546875], [973.5248413085938, 637.9341430664062], [871.904541015625, 635.0545654296875]]","[[894.793701171875, 653.6096801757812], [896.2280883789062, 647.8499145507812], [927.7842407226562, 644.969970703125], [899.0968627929688, 649.2898559570312], [924.9154663085938, 650.7297973632812], [894.793701171875, 676.6488037109375], [934.9560546875, 673.7689208984375], [894.793701171875, 722.72705078125], [916.3092651367188, 688.1683349609375], [880.4500732421875, 760.1656494140625], [973.6840209960938, 634.890380859375], [903.39990234375, 760.1656494140625], [936.3904418945312, 758.7256469726562], [854.63134765625, 800.4840698242188], [962.2090454101562, 800.4840698242188], [833.1159057617188, 866.7215576171875], [1006.6744384765625, 848.0022583007812]]","[[679, 578], [1246, 578], [611, 740], [1308, 740], [492, 1015], [1418, 1015]]","[[544, 534], [544, 740], [1368, 740], [1368, 534]]","[902, 452]",None,None
142836,"[[910.2679443359375, 504.4605712890625], [914.5867919921875, 500.14385986328125], [905.948974609375, 500.14385986328125], [920.3453979492188, 501.582763671875], [900.1903076171875, 503.0216979980469], [933.30224609375, 520.2884521484375], [892.9920043945312, 527.4829711914062], [954.8970336914062, 533.2385864257812], [892.9920043945312, 554.822021484375], [960.6556396484375, 550.5053100585938], [901.6300048828125, 579.2833251953125], [933.30224609375, 563.4554443359375], [905.948974609375, 566.3331909179688], [957.7763061523438, 590.7944946289062], [882.91455078125, 596.5501098632812], [973.612548828125, 638.2781982421875], [871.3972778320312, 635.400390625]]","[[894.9439697265625, 650.7696533203125], [896.3792114257812, 647.9016723632812], [927.9544067382812, 646.4677124023438], [899.2496337890625, 649.335693359375], [926.519287109375, 650.7696533203125], [894.9439697265625, 678.0155639648438], [933.6954956054688, 673.7135620117188], [893.5086669921875, 723.9033813476562], [903.5553588867188, 673.7135620117188], [877.7210693359375, 761.187255859375], [873.415283203125, 637.86376953125], [904.9906005859375, 759.7532348632812], [936.56591796875, 759.7532348632812], [854.7572021484375, 801.3390502929688], [963.8355102539062, 801.3390502929688], [833.2286376953125, 865.8687744140625], [1005.4574584960938, 847.226806640625]]","[[679, 578], [1246, 578], [611, 740], [1308, 740], [492, 1015], [1418, 1015]]","[[544, 534], [544, 740], [1368, 740], [1368, 534]]","[902, 452]",None,None
142837,"[[911.203857421875, 503.4669189453125], [914.0535278320312, 497.7378234863281], [906.9293212890625, 497.7378234863281], [921.1776733398438, 499.17010498046875], [899.80517578125, 500.6023864746094], [932.5763549804688, 516.357421875], [891.2562255859375, 526.38330078125], [955.3736572265625, 530.6801147460938], [891.2562255859375, 553.5964965820312], [959.6481323242188, 546.4351196289062], [896.9555053710938, 572.216064453125], [932.5763549804688, 560.7579345703125], [905.5045166015625, 565.0546875], [956.798583984375, 585.1065673828125], [882.7071533203125, 595.1324462890625], [973.896484375, 632.37158203125], [871.3084716796875, 635.2361450195312]]","[[896.1384887695312, 635.4974365234375], [899.0103759765625, 629.7420043945312], [930.6004028320312, 638.3751220703125], [900.4462280273438, 638.3751220703125], [927.7285766601562, 639.8140258789062], [899.0103759765625, 670.0299682617188], [932.0363159179688, 662.835693359375], [897.5744018554688, 717.51220703125], [924.8567504882812, 688.735107421875], [884.651123046875, 750.6058959960938], [972.2418823242188, 626.8643188476562], [901.8822021484375, 754.9224853515625], [930.6004028320312, 749.1670532226562], [854.4969482421875, 799.5269775390625], [959.3186645507812, 799.5269775390625], [832.958251953125, 865.7142944335938], [1002.3961181640625, 844.1315307617188]]","[[679, 578], [1246, 578], [611, 740], [1308, 740], [492, 1015], [1418, 1015]]","[[544, 534], [544, 740], [1368, 740], [1368, 534]]","[905, 459]",None,None
142838,"[[911.1785888671875, 499.0865783691406], [915.49853515625, 493.32330322265625], [908.2986450195312, 494.7641296386719], [921.2584228515625, 496.2049255371094], [901.098876953125, 497.645751953125], [931.338134765625, 514.9356079101562], [892.4591064453125, 522.1397705078125], [954.3775634765625, 526.4622192382812], [893.8990478515625, 556.719482421875], [961.5773315429688, 540.8704223632812], [909.7387084960938, 594.1808471679688], [925.5782470703125, 553.8378295898438], [902.538818359375, 559.6011352539062], [957.2574462890625, 584.0950927734375], [885.2593383789062, 591.2991943359375], [971.6571044921875, 627.3197631835938], [872.2996215820312, 634.5238647460938]]","[[936.0980224609375, 637.9577026367188], [914.572021484375, 610.60205078125], [934.6629638671875, 632.1986083984375], [903.0914916992188, 633.6383666992188], [930.3577880859375, 636.5178833007812], [901.6564331054688, 659.5542602539062], [927.4876098632812, 658.1144409179688], [901.6564331054688, 708.5064086914062], [961.92919921875, 591.8850708007812], [895.9160766601562, 731.5426635742188], [971.9746704101562, 624.999755859375], [901.6564331054688, 741.6210327148438], [928.9227294921875, 738.7415161132812], [862.9095458984375, 794.8925170898438], [957.6240844726562, 794.8925170898438], [835.643310546875, 862.5617065429688], [999.2410278320312, 846.7242431640625]]","[[679, 578], [1246, 578], [611, 740], [1308, 740], [492, 1015], [1418, 1015]]","[[544, 534], [544, 740], [1368, 740], [1368, 534]]","[909, 467]",None,None
142839,"[[913.76904296875, 495.3199768066406], [918.0702514648438, 489.5536804199219], [909.4678344726562, 490.9952697753906], [923.8051147460938, 490.9952697753906], [902.2991943359375, 493.87841796875], [933.84130859375, 512.6187133789062], [892.2630004882812, 522.7096557617188], [956.7810668945312, 525.5927734375], [897.9979248046875, 552.982421875], [963.9498291015625, 541.449951171875], [895.1304321289062, 573.164306640625], [930.973876953125, 554.4240112304688], [905.1666259765625, 558.7486572265625], [958.21484375, 586.1383666992188], [886.5280151367188, 590.4630737304688], [971.1184692382812, 626.5021362304688], [873.6244506835938, 632.2683715820312]]","[[911.4478149414062, 606.1552124023438], [911.4478149414062, 607.5925903320312], [934.4501342773438, 630.5916748046875], [904.2596435546875, 630.5916748046875], [930.13720703125, 636.3414916992188], [904.2596435546875, 656.4656982421875], [924.3865966796875, 657.9031372070312], [907.1348876953125, 699.5890502929688], [957.4524536132812, 583.1560668945312], [895.6337280273438, 734.087646484375], [968.95361328125, 620.5296020507812], [904.2596435546875, 729.7753295898438], [928.6995849609375, 729.7753295898438], [866.880859375, 794.4603271484375], [956.0148315429688, 788.7105102539062], [839.5655517578125, 856.2704467773438], [991.9559326171875, 841.89599609375]]","[[679, 578], [1246, 578], [611, 740], [1308, 740], [492, 1015], [1418, 1015]]","[[544, 534], [544, 740], [1368, 740], [1368, 534]]","[909, 478]",None,None
142840,"[[916.5531616210938, 491.510498046875], [920.8538208007812, 488.6424560546875], [912.25244140625, 488.6424560546875], [926.5880737304688, 490.0765075683594], [906.5181884765625, 491.510498046875], [935.189453125, 508.7187194824219], [895.0497436523438, 517.3228149414062], [955.25927734375, 518.7568359375], [887.8819580078125, 548.8711547851562], [968.161376953125, 537.3990478515625], [893.6161499023438, 570.3814086914062], [932.322265625, 547.4371337890625], [906.5181884765625, 550.30517578125], [958.1264038085938, 584.7216186523438], [889.3154296875, 589.0236206054688], [971.0284423828125, 629.1760864257812], [874.9798583984375, 630.610107421875]]","[[907.9415893554688, 603.4420166015625], [906.5130615234375, 609.1870727539062], [935.0830688476562, 620.6771240234375], [906.5130615234375, 622.1133422851562], [930.797607421875, 626.422119140625], [903.6560668945312, 647.9660034179688], [926.5121459960938, 647.9660034179688], [906.5130615234375, 699.6712646484375], [959.3676147460938, 584.7706909179688], [895.0850830078125, 742.7589721679688], [969.3671875, 620.6771240234375], [903.6560668945312, 719.7788696289062], [927.9406127929688, 716.9063720703125], [869.3720092773438, 790.155517578125], [952.2251586914062, 784.4104614257812], [849.373046875, 857.65966796875], [987.9376220703125, 841.86083984375]]","[[679, 578], [1246, 578], [611, 740], [1308, 740], [492, 1015], [1418, 1015]]","[[544, 534], [544, 740], [1368, 740], [1368, 534]]","[881, 470]",None,None
142841,"[[918.9398803710938, 491.03533935546875], [923.2233276367188, 486.71905517578125], [914.6564331054688, 486.71905517578125], [928.9345703125, 488.1578369140625], [908.945068359375, 489.5965881347656], [940.3571166992188, 509.7394104003906], [900.378173828125, 512.6170043945312], [960.3466186523438, 518.3720703125], [890.3834838867188, 534.1986083984375], [971.7692260742188, 537.076171875], [893.2391357421875, 560.0964965820312], [937.50146484375, 548.5863647460938], [908.945068359375, 551.4639282226562], [963.2022705078125, 585.9944458007812], [887.52783203125, 590.310791015625], [971.7692260742188, 626.2801513671875], [874.677490234375, 630.5964965820312]]","[[900.8057250976562, 614.4526977539062], [903.6776123046875, 610.12939453125], [902.24169921875, 613.0115966796875], [905.1135864257812, 618.7760620117188], [930.9606323242188, 617.3349609375], [902.24169921875, 649.0394287109375], [932.3965454101562, 641.8338623046875], [905.1135864257812, 693.7139282226562], [965.4234008789062, 591.3949584960938], [900.8057250976562, 739.82958984375], [972.6031494140625, 624.54052734375], [902.24169921875, 719.6539306640625], [929.5247192382812, 718.2128295898438], [872.0867919921875, 790.2684936523438], [945.3201904296875, 780.1806640625], [862.0352172851562, 860.883056640625], [979.7828979492188, 839.266357421875]]","[[679, 578], [1246, 578], [611, 740], [1308, 740], [492, 1015], [1418, 1015]]","[[544, 534], [544, 740], [1368, 740], [1368, 534]]","[866, 470]",None,None
142842,"[[918.9364624023438, 491.0095520019531], [923.2215576171875, 486.6920166015625], [914.6513061523438, 486.6920166015625], [928.9351196289062, 488.1312255859375], [908.9378051757812, 489.5704040527344], [940.3622436523438, 509.7189636230469], [900.367431640625, 512.5972900390625], [960.3595581054688, 518.3540649414062], [890.3688354492188, 534.18505859375], [971.78662109375, 538.5026245117188], [893.2255249023438, 560.0903930664062], [937.5054321289062, 548.576904296875], [908.9378051757812, 551.4552612304688], [963.2163696289062, 585.99560546875], [887.5120239257812, 590.3131713867188], [971.78662109375, 626.292724609375], [874.6565551757812, 630.6102905273438]]","[[900.8171997070312, 614.447265625], [903.68994140625, 610.1237182617188], [902.2536010742188, 613.006103515625], [905.1263427734375, 618.770751953125], [930.980712890625, 617.32958984375], [902.2536010742188, 649.0354614257812], [932.4170532226562, 641.82958984375], [905.1263427734375, 693.7119140625], [965.4533081054688, 591.3884887695312], [900.8171997070312, 739.8294677734375], [972.6350708007812, 624.5354614257812], [902.2536010742188, 719.6530151367188], [929.54443359375, 718.2118530273438], [872.090087890625, 790.2706298828125], [945.3443603515625, 780.182373046875], [862.03564453125, 860.8881225585938], [979.81689453125, 839.2705688476562]]","[[679, 578], [1246, 578], [611, 740], [1308, 740], [492, 1015], [1418, 1015]]","[[544, 534], [544, 740], [1368, 740], [1368, 534]]","[864, 470]",top,drive
142843,"[[922.8670043945312, 490.1705322265625], [925.7281494140625, 485.8584289550781], [918.5753784179688, 485.8584289550781], [932.880859375, 488.733154296875], [911.4225463867188, 488.733154296875], [941.464111328125, 510.2937927246094], [899.9782104492188, 513.1685180664062], [960.0613403320312, 517.4806518554688], [889.9642944335938, 533.291748046875], [975.7974243164062, 536.16650390625], [892.825439453125, 560.6018676757812], [938.6030883789062, 547.6654663085938], [909.9920654296875, 550.540283203125], [967.214111328125, 582.1624755859375], [891.3948364257812, 577.850341796875], [978.6585693359375, 623.8463134765625], [874.2282104492188, 625.28369140625]]","[[898.5863647460938, 612.7413330078125], [901.4663696289062, 609.868896484375], [901.4663696289062, 611.3051147460938], [902.9063720703125, 614.1775512695312], [928.8269653320312, 612.7413330078125], [900.0263671875, 648.64697265625], [933.1470947265625, 640.0296020507812], [901.4663696289062, 696.0423583984375], [936.0271606445312, 680.2439575195312], [902.9063720703125, 739.1292114257812], [874.1057739257812, 624.2311401367188], [897.146240234375, 721.8944702148438], [928.8269653320312, 713.277099609375], [876.9859008789062, 790.833251953125], [944.6672973632812, 779.3434448242188], [876.9859008789062, 858.3358764648438], [973.468017578125, 836.7924194335938]]","[[679, 578], [1246, 578], [611, 740], [1308, 740], [492, 1015], [1418, 1015]]","[[544, 534], [544, 740], [1368, 740], [1368, 534]]","[855, 469]",None,None
142844,"[[926.0339965820312, 490.8941955566406], [930.345458984375, 486.5945129394531], [923.15966796875, 486.5945129394531], [937.5313110351562, 489.4609375], [915.973876953125, 489.4609375], [946.154296875, 509.5260925292969], [903.0393676757812, 512.392578125], [967.711669921875, 522.4251098632812], [890.10498046875, 532.4577026367188], [979.208984375, 538.1906127929688], [892.9793090820312, 559.68896484375], [940.4055786132812, 548.22314453125], [911.6624145507812, 549.6564331054688], [967.711669921875, 581.1873168945312], [892.9793090820312, 578.3209228515625], [984.9575805664062, 618.451171875], [875.7333984375, 617.0179443359375]]","[[895.3071899414062, 616.0235595703125], [896.73291015625, 611.7183227539062], [898.1586303710938, 613.1533813476562], [898.1586303710938, 616.0235595703125], [923.82177734375, 614.5884399414062], [896.73291015625, 651.90087890625], [932.3761596679688, 641.855224609375], [899.5843505859375, 694.9536743164062], [935.2276000976562, 679.1676635742188], [899.5843505859375, 736.5713500976562], [873.9212646484375, 620.3287963867188], [898.1586303710938, 720.7853393554688], [928.0989379882812, 713.60986328125], [881.0499267578125, 792.5399780273438], [942.3562622070312, 779.6242065429688], [888.1785278320312, 857.1192016601562], [965.1679077148438, 835.5927734375]]","[[679, 578], [1246, 578], [611, 740], [1308, 740], [492, 1015], [1418, 1015]]","[[544, 534], [544, 740], [1368, 740], [1368, 534]]","[847, 472]",None,None
142845,"[[928.0857543945312, 490.8337707519531], [932.3984375, 486.522705078125], [925.2107543945312, 486.522705078125], [939.586181640625, 489.39678955078125], [918.0230102539062, 489.39678955078125], [948.2113647460938, 512.38916015625], [907.9603271484375, 515.26318359375], [969.7744750976562, 523.8853149414062], [896.4600219726562, 539.692626953125], [982.7122802734375, 542.566650390625], [893.5848999023438, 565.55908203125], [941.023681640625, 552.6258544921875], [913.7105102539062, 552.6258544921875], [966.8993530273438, 581.3663330078125], [895.0224609375, 581.3663330078125], [992.7750244140625, 620.166015625], [873.4593505859375, 620.166015625]]","[[894.1696166992188, 621.856689453125], [895.5962524414062, 616.0996704101562], [897.0228271484375, 617.5389404296875], [895.5962524414062, 618.9781494140625], [919.848388671875, 618.9781494140625], [895.5962524414062, 650.6414794921875], [931.2611694335938, 646.3237915039062], [895.5962524414062, 695.2579956054688], [934.1143798828125, 683.7440795898438], [894.1696166992188, 738.4352416992188], [871.3440551757812, 617.5389404296875], [902.729248046875, 721.1643676757812], [928.407958984375, 721.1643676757812], [887.0366821289062, 796.0049438476562], [939.82080078125, 784.4910278320312], [898.4494018554688, 862.2100830078125], [959.7931518554688, 840.6214599609375]]","[[679, 578], [1246, 578], [611, 740], [1308, 740], [492, 1015], [1418, 1015]]","[[544, 534], [544, 740], [1368, 740], [1368, 534]]","[840, 474]",None,None
142846,"[[930.0760498046875, 490.5245666503906], [932.9470825195312, 487.64837646484375], [925.7693481445312, 487.64837646484375], [940.1246948242188, 490.5245666503906], [920.0272827148438, 490.5245666503906], [950.1734619140625, 512.095947265625], [908.54296875, 513.5339965820312], [974.5775756835938, 526.476806640625], [897.0587158203125, 533.667236328125], [987.4973754882812, 548.0481567382812], [899.9297485351562, 550.92431640625], [944.431396484375, 558.11474609375], [915.720703125, 558.11474609375], [968.83544921875, 586.8765869140625], [895.6231689453125, 589.7527465820312], [993.239501953125, 622.8287963867188], [874.0902099609375, 621.3907470703125]]","[[890.0850219726562, 630.2130737304688], [892.939208984375, 624.4586181640625], [894.3662719726562, 624.4586181640625], [894.3662719726562, 627.3358154296875], [917.199462890625, 627.3358154296875], [891.5120849609375, 657.546630859375], [931.47021484375, 654.66943359375], [891.5120849609375, 703.5821533203125], [937.1785888671875, 693.5118408203125], [887.2308349609375, 742.424560546875], [871.5330200195312, 621.5814208984375], [901.5016479492188, 735.2315673828125], [928.6160888671875, 730.9157104492188], [892.939208984375, 801.4075927734375], [935.75146484375, 787.021484375], [905.7828979492188, 873.3380126953125], [958.5846557617188, 840.25]]","[[679, 578], [1246, 578], [611, 740], [1308, 740], [492, 1015], [1418, 1015]]","[[544, 534], [544, 740], [1368, 740], [1368, 534]]","[832, 480]",None,None
142847,"[[929.7532958984375, 493.0769958496094], [932.6114501953125, 487.3541564941406], [925.4661865234375, 488.78485107421875], [939.7567138671875, 490.2155456542969], [921.1788940429688, 491.64630126953125], [952.6182250976562, 514.5376586914062], [911.175537109375, 515.9683837890625], [975.4832153320312, 531.7061767578125], [898.3140258789062, 537.4290161132812], [989.7738037109375, 548.8746948242188], [888.3106079101562, 556.0282592773438], [945.4729614257812, 560.3204345703125], [916.8917846679688, 560.3204345703125], [969.7669677734375, 586.0731811523438], [895.4558715820312, 594.6574096679688], [994.06103515625, 623.2716674804688], [875.448974609375, 623.2716674804688]]","[[890.6016235351562, 629.9168701171875], [892.0291137695312, 628.4765625], [893.4567260742188, 627.0361938476562], [892.0291137695312, 631.357177734375], [914.8700561523438, 632.7975463867188], [889.174072265625, 663.0442504882812], [932.0006713867188, 661.6039428710938], [887.7464599609375, 714.8958129882812], [944.8487548828125, 703.3732299804688], [883.4638061523438, 750.90380859375], [933.4283447265625, 720.6570434570312], [902.0220947265625, 745.1425170898438], [930.5731811523438, 739.3812255859375], [897.7393798828125, 802.75537109375], [932.0006713867188, 785.471435546875], [906.3047485351562, 877.6520385742188], [959.124267578125, 841.6439819335938]]","[[679, 578], [1246, 578], [611, 740], [1308, 740], [492, 1015], [1418, 1015]]","[[544, 534], [544, 740], [1368, 740], [1368, 534]]","[827, 489]",None,None
142848,"[[929.890625, 493.3261413574219], [932.74267578125, 487.5634765625], [925.6124267578125, 487.5634765625], [939.8729248046875, 490.44482421875], [919.9082641601562, 490.44482421875], [951.2813720703125, 513.4955444335938], [911.3518676757812, 516.3768920898438], [975.5242919921875, 530.7836303710938], [898.5174560546875, 536.5463256835938], [989.7847900390625, 549.5123291015625], [887.1090087890625, 556.7156982421875], [945.5771484375, 559.5970458984375], [917.0560913085938, 559.5970458984375], [969.820068359375, 585.5291137695312], [895.665283203125, 594.173095703125], [992.6369018554688, 622.986572265625], [875.7006225585938, 622.986572265625]]","[[889.4425048828125, 631.551513671875], [890.8685302734375, 628.6696166992188], [895.1466064453125, 625.7876586914062], [892.2945556640625, 631.551513671875], [915.1109619140625, 631.551513671875], [888.0165405273438, 661.8118286132812], [932.2232055664062, 661.8118286132812], [888.0165405273438, 713.6866455078125], [943.63134765625, 703.5999145507812], [883.7384643554688, 749.7108154296875], [932.2232055664062, 722.3324584960938], [900.8507080078125, 743.947021484375], [930.7971801757812, 738.18310546875], [897.9986572265625, 803.0266723632812], [933.6492309570312, 788.616943359375], [906.5547485351562, 877.9569091796875], [959.317626953125, 841.9328002929688]]","[[679, 578], [1246, 578], [611, 740], [1308, 740], [492, 1015], [1418, 1015]]","[[544, 534], [544, 740], [1368, 740], [1368, 534]]","[827, 489]",None,None
142849,"[[928.0018920898438, 492.6000061035156], [930.880615234375, 488.2960205078125], [923.6837158203125, 488.2960205078125], [939.5169067382812, 489.7306823730469], [920.8050537109375, 492.6000061035156], [952.4712524414062, 514.1199951171875], [912.1687622070312, 516.9893188476562], [976.940673828125, 531.3359985351562], [897.7750244140625, 534.2053833007812], [991.3344116210938, 549.9866943359375], [884.8206176757812, 552.8560180664062], [948.1531372070312, 561.4640502929688], [919.3656616210938, 562.898681640625], [975.5012817382812, 587.2880249023438], [896.3356323242188, 594.4613647460938], [994.213134765625, 623.1546630859375], [876.1843872070312, 624.58935546875]]","[[889.8547973632812, 630.54541015625], [889.8547973632812, 629.1060180664062], [892.701904296875, 626.227294921875], [889.8547973632812, 633.4241333007812], [914.055908203125, 633.4241333007812], [887.007568359375, 663.6509399414062], [932.5626220703125, 659.3328247070312], [889.8547973632812, 709.7108154296875], [951.0694580078125, 701.0745849609375], [877.0424194335938, 755.7706909179688], [941.104248046875, 728.422607421875], [904.0907592773438, 745.6951293945312], [932.5626220703125, 739.9376220703125], [894.1255493164062, 804.7092895507812], [932.5626220703125, 785.9974975585938], [905.5142822265625, 876.6777954101562], [959.611083984375, 840.6935424804688]]","[[679, 578], [1246, 578], [611, 740], [1308, 740], [492, 1015], [1418, 1015]]","[[544, 534], [544, 740], [1368, 740], [1368, 534]]","[821, 493]",None,None
142850,"[[925.0401611328125, 493.0349426269531], [929.35693359375, 488.7165222167969], [922.1622314453125, 488.7165222167969], [937.9906005859375, 490.1559753417969], [917.8453369140625, 491.5954284667969], [953.8190307617188, 514.6270751953125], [912.0895385742188, 514.6270751953125], [976.8421020507812, 533.3402709960938], [897.7001342773438, 530.4613037109375], [991.2315673828125, 549.1744995117188], [877.554931640625, 547.7349853515625], [949.5021362304688, 560.6903076171875], [920.7232666015625, 560.6903076171875], [976.8421020507812, 586.6008911132812], [896.26123046875, 592.3587646484375], [994.1094360351562, 622.5877685546875], [876.115966796875, 624.0272827148438]]","[[887.2968139648438, 635.4913940429688], [887.2968139648438, 629.748779296875], [888.724609375, 629.748779296875], [890.1524658203125, 634.0557861328125], [912.998046875, 631.1844482421875], [884.4410400390625, 659.8974609375], [931.56005859375, 655.5905151367188], [888.724609375, 702.9669189453125], [950.1221923828125, 691.4817504882812], [874.4461059570312, 751.779052734375], [950.1221923828125, 723.0659790039062], [903.0030517578125, 743.1650390625], [931.56005859375, 737.4224853515625], [887.2968139648438, 803.4623413085938], [937.271484375, 784.7988891601562], [901.5753173828125, 868.0665893554688], [961.5449829101562, 837.9179077148438]]","[[679, 578], [1246, 578], [611, 740], [1308, 740], [492, 1015], [1418, 1015]]","[[544, 534], [544, 740], [1368, 740], [1368, 534]]","[817, 500]",None,None
142851,"[[917.5467529296875, 492.7991638183594], [921.8646240234375, 488.5046691894531], [916.107421875, 488.5046691894531], [936.2576904296875, 489.9361877441406], [914.6680908203125, 489.9361877441406], [952.0900268554688, 512.840087890625], [911.7894897460938, 512.840087890625], [976.5581665039062, 531.4495849609375], [890.2000122070312, 530.01806640625], [990.951171875, 550.0590209960938], [864.2925415039062, 544.3330688476562], [949.21142578125, 558.6480102539062], [920.4253540039062, 558.6480102539062], [979.436767578125, 588.70947265625], [895.9571533203125, 590.1409301757812], [993.829833984375, 621.6339111328125], [874.36767578125, 624.4968872070312]]","[[888.1129150390625, 629.9736938476562], [889.53662109375, 625.6622314453125], [890.9603881835938, 624.22509765625], [889.53662109375, 629.9736938476562], [912.316162109375, 629.9736938476562], [885.2655029296875, 658.7169189453125], [932.2484130859375, 652.96826171875], [888.1129150390625, 700.39453125], [950.7568359375, 687.4600830078125], [875.2993774414062, 740.6349487304688], [956.4517211914062, 719.0775756835938], [903.77392578125, 744.9464111328125], [933.672119140625, 734.8863525390625], [878.1468505859375, 798.1212768554688], [943.6382446289062, 779.438232421875], [890.9603881835938, 851.296142578125], [967.841552734375, 836.9246215820312]]","[[679, 578], [1246, 578], [611, 740], [1308, 740], [492, 1015], [1418, 1015]]","[[544, 534], [544, 740], [1368, 740], [1368, 534]]","[814, 510]",None,None
142852,"[[915.4913940429688, 489.42864990234375], [921.2376708984375, 485.1050720214844], [914.0548095703125, 485.1050720214844], [931.2935180664062, 486.5462341308594], [911.1817016601562, 486.5462341308594], [948.5322265625, 509.60546875], [909.7451782226562, 511.0466613769531], [968.6441040039062, 526.89990234375], [896.816162109375, 524.0174560546875], [985.8826904296875, 547.0767211914062], [891.0698852539062, 526.89990234375], [947.0956420898438, 552.8414916992188], [921.2376708984375, 552.8414916992188], [975.8267822265625, 584.5479125976562], [895.3795776367188, 584.5479125976562], [994.5020751953125, 623.4603271484375], [875.2677001953125, 623.4603271484375]]","[[887.791015625, 631.4161376953125], [889.2261352539062, 628.5447387695312], [892.0963745117188, 625.6732788085938], [890.6611938476562, 629.98046875], [913.623291015625, 629.98046875], [884.9207763671875, 655.823486328125], [933.7150268554688, 654.3877563476562], [886.3558349609375, 698.8953247070312], [952.3717041015625, 690.2809448242188], [876.3099975585938, 737.659912109375], [956.6770629882812, 717.5596923828125], [909.3179321289062, 736.22412109375], [938.0204467773438, 731.9169921875], [870.5694580078125, 790.7817993164062], [948.0662841796875, 777.8601684570312], [887.791015625, 849.6465454101562], [975.3336791992188, 830.9820556640625]]","[[679, 578], [1246, 578], [611, 740], [1308, 740], [492, 1015], [1418, 1015]]","[[544, 534], [544, 740], [1368, 740], [1368, 534]]","[812, 517]",None,None
142853,"[[915.6641845703125, 488.24237060546875], [919.9754638671875, 482.51116943359375], [912.7898559570312, 483.9439697265625], [928.5983276367188, 483.9439697265625], [909.9156494140625, 485.3767395019531], [945.84375, 506.8687438964844], [907.0414428710938, 506.8687438964844], [963.0892944335938, 525.4950561523438], [891.2329711914062, 525.4950561523438], [983.2091064453125, 545.55419921875], [866.8018798828125, 544.1213989257812], [945.84375, 551.2854614257812], [918.5383911132812, 551.2854614257812], [971.7120361328125, 581.3741455078125], [894.1072998046875, 584.23974609375], [993.2689208984375, 621.492431640625], [873.987548828125, 622.9252319335938]]","[[888.20703125, 633.9424438476562], [889.635009765625, 628.1758422851562], [893.9190063476562, 623.8508911132812], [891.0630493164062, 632.5007934570312], [915.3390502929688, 629.6174926757812], [883.9230346679688, 657.0089111328125], [932.47509765625, 655.5672607421875], [885.3510131835938, 704.58349609375], [948.1830444335938, 685.8419799804688], [878.2109985351562, 740.6248168945312], [958.1790771484375, 717.558349609375], [908.1990966796875, 737.7415161132812], [936.759033203125, 731.9749145507812], [868.2150268554688, 785.3161010742188], [951.0390625, 778.1078491210938], [873.9270629882812, 842.982177734375], [983.883056640625, 828.5657348632812]]","[[679, 578], [1246, 578], [611, 740], [1308, 740], [492, 1015], [1418, 1015]]","[[544, 534], [544, 740], [1368, 740], [1368, 534]]","[810, 515]",None,None
142854,"[[915.801025390625, 488.1346435546875], [921.539794921875, 482.40203857421875], [912.9317626953125, 483.835205078125], [930.1478271484375, 483.835205078125], [910.0623779296875, 485.268310546875], [945.9293212890625, 506.7655944824219], [907.1929931640625, 506.7655944824219], [963.1453857421875, 525.396484375], [891.4115600585938, 525.396484375], [983.2308959960938, 545.4605712890625], [867.0220336914062, 544.0274047851562], [945.9293212890625, 551.1931762695312], [917.2357788085938, 551.1931762695312], [971.7535400390625, 581.289306640625], [894.2809448242188, 584.1556396484375], [993.273681640625, 621.4174194335938], [874.1954345703125, 622.8505859375]]","[[888.20458984375, 633.9408569335938], [889.6324462890625, 628.174072265625], [893.9160766601562, 623.8489990234375], [891.060302734375, 632.4992065429688], [915.333984375, 629.6157836914062], [883.9210205078125, 657.0081176757812], [932.4683227539062, 655.56640625], [885.3489379882812, 704.5842895507812], [948.1748657226562, 685.8421630859375], [878.2095336914062, 740.6268310546875], [958.1697998046875, 717.5595703125], [908.1947021484375, 737.743408203125], [936.751953125, 731.9766235351562], [868.214599609375, 785.319580078125], [951.030517578125, 778.1110229492188], [873.9259643554688, 842.9876708984375], [983.8713989257812, 828.570556640625]]","[[679, 578], [1246, 578], [611, 740], [1308, 740], [492, 1015], [1418, 1015]]","[[544, 534], [544, 740], [1368, 740], [1368, 534]]","[808, 514]",None,None
142855,"[[913.2422485351562, 485.9607238769531], [916.1189575195312, 481.6489562988281], [910.3656005859375, 481.6489562988281], [926.1873779296875, 481.6489562988281], [907.4888916015625, 483.0862121582031], [942.0090942382812, 503.2079162597656], [904.6122436523438, 506.08245849609375], [956.3925170898438, 519.017822265625], [888.79052734375, 526.2041625976562], [980.84423828125, 544.888671875], [870.0921020507812, 544.888671875], [942.0090942382812, 549.200439453125], [916.1189575195312, 550.6376953125], [966.4608764648438, 579.383056640625], [893.1055297851562, 580.8203125], [992.3509521484375, 619.62646484375], [872.9688110351562, 619.62646484375]]","[[888.73046875, 635.5814208984375], [890.1701049804688, 632.704833984375], [891.6098022460938, 632.704833984375], [891.6098022460938, 635.5814208984375], [916.0839233398438, 635.5814208984375], [884.4115600585938, 662.9085693359375], [933.3598022460938, 658.59375], [885.8511352539062, 708.9332885742188], [953.5150146484375, 697.4271240234375], [877.2133178710938, 746.3283081054688], [959.273681640625, 723.3160400390625], [906.00634765625, 740.5752563476562], [937.6787719726562, 734.8222045898438], [865.696044921875, 788.0382080078125], [953.5150146484375, 779.4085693359375], [859.9374389648438, 851.3222045898438], [989.50634765625, 831.1864013671875]]","[[679, 578], [1246, 578], [611, 740], [1308, 740], [492, 1015], [1418, 1015]]","[[544, 534], [544, 740], [1368, 740], [1368, 534]]","[804, 506]",None,None
142856,"[[907.1726684570312, 483.034423828125], [910.0260620117188, 478.7200012207031], [904.3193359375, 478.7200012207031], [921.439697265625, 480.15814208984375], [902.892578125, 480.15814208984375], [938.5601196289062, 500.2920837402344], [902.892578125, 504.6064453125], [959.9605712890625, 517.5496826171875], [890.0523071289062, 524.7403564453125], [974.2276000976562, 540.5598754882812], [875.7852783203125, 544.8743286132812], [939.9867553710938, 546.3124389648438], [912.8795166015625, 546.3124389648438], [964.24072265625, 577.9514770507812], [892.9057006835938, 577.9514770507812], [991.3480224609375, 621.0955810546875], [872.931884765625, 622.5337524414062]]","[[890.4683227539062, 643.019287109375], [891.90185546875, 638.705810546875], [919.1387329101562, 638.705810546875], [893.33544921875, 640.1436157226562], [919.1387329101562, 638.705810546875], [886.1678466796875, 670.3383178710938], [933.4739379882812, 664.5869140625], [883.3007202148438, 719.224853515625], [952.1096801757812, 701.9707641601562], [873.26611328125, 756.6087036132812], [957.84375, 730.7276000976562], [906.237060546875, 747.9817504882812], [936.3409423828125, 742.2303466796875], [864.6650390625, 793.99267578125], [957.84375, 785.3656005859375], [850.329833984375, 861.5711669921875], [1000.8493041992188, 837.1278076171875]]","[[679, 578], [1246, 578], [611, 740], [1308, 740], [492, 1015], [1418, 1015]]","[[544, 534], [544, 740], [1368, 740], [1368, 534]]","[804, 485]",None,None
142857,"[[904.9961547851562, 481.8804931640625], [909.3024291992188, 476.151123046875], [903.5607299804688, 477.5834655761719], [919.3505249023438, 477.5834655761719], [900.6898193359375, 479.01580810546875], [936.5757446289062, 497.6362609863281], [897.8189697265625, 503.3656311035156], [958.1072998046875, 516.2567138671875], [887.7709350585938, 526.2831420898438], [972.461669921875, 536.3095703125], [877.7228393554688, 547.768310546875], [938.0111694335938, 546.3359375], [909.3024291992188, 547.768310546875], [963.8490600585938, 576.4151611328125], [890.6417846679688, 577.8474731445312], [989.6869506835938, 619.385498046875], [873.4165649414062, 622.2501220703125]]","[[892.7274780273438, 648.0770874023438], [894.1629638671875, 643.751953125], [899.90478515625, 645.193603515625], [897.0338134765625, 646.6353759765625], [920.0011596679688, 646.6353759765625], [888.4210815429688, 675.4696655273438], [937.2265625, 674.0279541015625], [885.5501708984375, 725.9296875], [954.4520874023438, 712.9542236328125], [862.5828857421875, 761.9724731445312], [958.7584228515625, 743.2301635742188], [905.6465454101562, 751.8804931640625], [937.2265625, 748.9970703125], [862.5828857421875, 799.4570922851562], [961.6293334960938, 790.8067626953125], [848.2283325195312, 860.0090942382812], [1001.8221435546875, 839.8250732421875]]","[[679, 578], [1246, 578], [611, 740], [1308, 740], [492, 1015], [1418, 1015]]","[[544, 534], [544, 740], [1368, 740], [1368, 534]]","[804, 476]",bottom,defensive shot
142858,"[[902.9385375976562, 479.23846435546875], [907.2236938476562, 474.9344177246094], [902.9385375976562, 474.9344177246094], [918.6504516601562, 476.36907958984375], [900.0819091796875, 477.8038024902344], [935.7907104492188, 497.8891906738281], [897.2252197265625, 505.06256103515625], [954.3592529296875, 512.2359008789062], [888.655029296875, 529.4519653320312], [972.9277954101562, 538.06005859375], [878.6566772460938, 549.5374145507812], [937.218994140625, 543.7987060546875], [908.6519775390625, 546.6680297851562], [964.3577270507812, 575.3615112304688], [888.655029296875, 579.66552734375], [987.2113037109375, 616.9669799804688], [872.9432373046875, 621.2710571289062]]","[[894.4115600585938, 654.5645141601562], [894.4115600585938, 651.6830444335938], [895.8511962890625, 651.6830444335938], [897.290771484375, 651.6830444335938], [921.7645263671875, 651.6830444335938], [890.0926513671875, 681.9384155273438], [936.1608276367188, 679.0569458007812], [887.21337890625, 730.9232177734375], [950.55712890625, 720.838134765625], [861.300048828125, 753.9749755859375], [953.4363403320312, 745.33056640625], [908.807861328125, 759.7379150390625], [940.4796752929688, 755.4157104492188], [859.8604125976562, 801.5191040039062], [970.7118530273438, 804.4005737304688], [848.3434448242188, 862.02978515625], [1006.7026977539062, 849.063232421875]]","[[679, 578], [1246, 578], [611, 740], [1308, 740], [492, 1015], [1418, 1015]]","[[544, 534], [544, 740], [1368, 740], [1368, 534]]","[802, 470]",None,None
142859,"[[907.1119995117188, 478.9347839355469], [909.972412109375, 473.1688232421875], [902.8213500976562, 474.61029052734375], [918.5537719726562, 476.0517883300781], [899.9608764648438, 477.4933166503906], [934.2861938476562, 494.7911376953125], [895.6702270507812, 504.8815612792969], [955.739501953125, 512.0889892578125], [888.5191040039062, 530.8283081054688], [968.6114501953125, 530.8283081054688], [882.7982177734375, 553.8921508789062], [935.7164306640625, 542.3601684570312], [907.1119995117188, 545.2432250976562], [964.32080078125, 574.0729370117188], [888.5191040039062, 576.9559326171875], [981.4833374023438, 614.4345703125], [872.7867431640625, 623.08349609375]]","[[892.3804321289062, 657.171142578125], [892.3804321289062, 654.2876586914062], [895.2435913085938, 654.2876586914062], [896.6751098632812, 657.171142578125], [922.4431762695312, 655.7294311523438], [893.81201171875, 684.5637817382812], [935.3273315429688, 681.6803588867188], [892.3804321289062, 727.8153076171875], [922.4431762695312, 716.2816162109375], [865.1807250976562, 742.2325439453125], [878.0648193359375, 737.9074096679688], [909.5591430664062, 762.4166259765625], [942.4850463867188, 760.9749145507812], [860.885986328125, 802.7847290039062], [973.9794921875, 802.7847290039062], [849.4335327148438, 861.8952026367188], [1011.2001342773438, 848.9197387695312]]","[[679, 578], [1246, 578], [611, 740], [1308, 740], [492, 1015], [1418, 1015]]","[[544, 534], [544, 740], [1368, 740], [1368, 534]]","[800, 465]",None,None
142860,"[[907.1259155273438, 479.1280822753906], [909.9909057617188, 473.37127685546875], [902.8285522460938, 473.37127685546875], [918.5855712890625, 476.24969482421875], [899.9636840820312, 477.68890380859375], [934.3427124023438, 494.9593505859375], [895.6663208007812, 505.0338134765625], [955.8295288085938, 512.2298583984375], [888.5040283203125, 530.9395751953125], [968.7216186523438, 530.9395751953125], [882.7742309570312, 553.9668579101562], [935.775146484375, 542.4531860351562], [907.1259155273438, 545.3316040039062], [964.4242553710938, 574.1157836914062], [888.5040283203125, 576.9942016601562], [981.6137084960938, 614.41357421875], [872.7470092773438, 623.048828125]]","[[892.2848510742188, 656.8076171875], [893.7180786132812, 653.9366455078125], [895.1513671875, 653.9366455078125], [896.5845947265625, 656.8076171875], [922.3831787109375, 656.8076171875], [893.7180786132812, 684.081298828125], [936.7156372070312, 682.6458129882812], [892.2848510742188, 728.5804443359375], [922.3831787109375, 715.6613159179688], [865.0530395507812, 741.4996337890625], [876.51904296875, 738.6287231445312], [909.48388671875, 763.0314331054688], [942.4486694335938, 761.5960693359375], [860.7533569335938, 803.2242431640625], [973.980224609375, 803.2242431640625], [849.2872314453125, 862.0780639648438], [1011.2447509765625, 849.158935546875]]","[[679, 578], [1246, 578], [611, 740], [1308, 740], [492, 1015], [1418, 1015]]","[[544, 534], [544, 740], [1368, 740], [1368, 534]]","[800, 463]",None,None
142861,"[[908.5724487304688, 476.470458984375], [911.4223022460938, 472.14599609375], [904.297607421875, 472.14599609375], [918.5470581054688, 473.58746337890625], [900.0226440429688, 476.470458984375], [932.7965698242188, 493.7685241699219], [897.1727905273438, 502.41754150390625], [952.745849609375, 509.6250915527344], [890.0480346679688, 529.80615234375], [966.995361328125, 526.9231567382812], [885.773193359375, 557.1947021484375], [934.221435546875, 541.3381958007812], [907.1474609375, 544.22119140625], [964.1454467773438, 574.4927978515625], [887.1981811523438, 577.3758544921875], [974.1200561523438, 610.5303955078125], [871.523681640625, 622.0624389648438]]","[[888.9682006835938, 656.1502075195312], [890.4022216796875, 651.8436279296875], [893.27001953125, 651.8436279296875], [893.27001953125, 654.7146606445312], [916.2130737304688, 654.7146606445312], [893.27001953125, 683.425048828125], [929.1185913085938, 677.6829833984375], [890.4022216796875, 726.4906616210938], [893.27001953125, 727.9261474609375], [855.9876098632812, 736.539306640625], [860.2894287109375, 736.539306640625], [910.477294921875, 763.8140869140625], [943.4580078125, 758.0721435546875], [857.4215698242188, 801.1376953125], [976.4385986328125, 805.4442749023438], [853.1196899414062, 857.1229858398438], [1012.2871704101562, 848.5098266601562]]","[[679, 578], [1246, 578], [611, 740], [1308, 740], [492, 1015], [1418, 1015]]","[[544, 534], [544, 740], [1368, 740], [1368, 534]]","[800, 459]",None,None
142862,"[[909.0470581054688, 473.8556823730469], [913.3470458984375, 469.5602111816406], [906.180419921875, 469.5602111816406], [920.5137939453125, 470.9920349121094], [901.8804321289062, 472.423828125], [934.8471069335938, 492.4692687988281], [896.1470336914062, 501.0601501464844], [953.48046875, 506.78741455078125], [890.4137573242188, 531.1282958984375], [964.9472045898438, 521.1055908203125], [887.5470581054688, 556.9010009765625], [931.9804077148438, 542.5828247070312], [906.180419921875, 545.4464721679688], [963.5137939453125, 576.9464721679688], [886.11376953125, 579.81005859375], [966.3804931640625, 604.1509399414062], [871.7803955078125, 622.7645263671875]]","[[884.6392211914062, 651.302001953125], [884.6392211914062, 646.9859619140625], [887.51611328125, 648.4246826171875], [887.51611328125, 649.8633422851562], [911.9700927734375, 648.4246826171875], [890.39306640625, 680.075439453125], [920.6008911132812, 672.882080078125], [884.6392211914062, 721.7969970703125], [887.51611328125, 723.2356567382812], [847.2389526367188, 733.306396484375], [850.1159057617188, 733.306396484375], [909.0931396484375, 757.7638549804688], [939.3009643554688, 757.7638549804688], [854.431396484375, 790.8533325195312], [968.0703735351562, 805.2400512695312], [855.8698120117188, 849.8389892578125], [1012.6627807617188, 845.5230102539062]]","[[679, 578], [1246, 578], [611, 740], [1308, 740], [492, 1015], [1418, 1015]]","[[544, 534], [544, 740], [1368, 740], [1368, 534]]","[799, 459]",None,None
142863,"[[912.059326171875, 472.4273376464844], [916.3444213867188, 468.1204528808594], [909.2025146484375, 468.1204528808594], [922.0579833984375, 469.55609130859375], [903.4889526367188, 472.4273376464844], [934.913330078125, 489.6548156738281], [897.7755126953125, 499.7041931152344], [954.91064453125, 506.8822937011719], [890.6336059570312, 529.852294921875], [966.3375854492188, 522.6741943359375], [889.2052001953125, 557.1290893554688], [933.4849243164062, 542.7728881835938], [907.774169921875, 545.6441040039062], [960.6241455078125, 578.6634521484375], [887.77685546875, 578.6634521484375], [962.052490234375, 600.1978149414062], [872.064697265625, 623.1677856445312]]","[[876.0554809570312, 647.2377319335938], [876.0554809570312, 640.0571899414062], [877.4909057617188, 642.9293823242188], [881.7971801757812, 647.2377319335938], [903.3282470703125, 645.8015747070312], [884.66796875, 675.95947265625], [911.9407348632812, 667.3429565429688], [874.6201171875, 716.1701049804688], [877.4909057617188, 717.6061401367188], [828.6870727539062, 720.4783325195312], [845.9119262695312, 726.2227172851562], [923.4239501953125, 753.5084838867188], [932.036376953125, 749.2001342773438], [844.4765625, 785.1024780273438], [845.9119262695312, 785.1024780273438], [1003.8067626953125, 829.6212768554688], [866.0076904296875, 845.4182739257812]]","[[679, 578], [1246, 578], [611, 740], [1308, 740], [492, 1015], [1418, 1015]]","[[544, 534], [544, 740], [1368, 740], [1368, 534]]","[797, 459]",None,None
142864,"[[914.9738159179688, 472.10528564453125], [917.8212890625, 466.3436584472656], [910.7025756835938, 466.3436584472656], [924.9400634765625, 469.2244567871094], [906.4312133789062, 470.6648864746094], [937.75390625, 489.3901672363281], [897.8887939453125, 498.0325927734375], [954.8389282226562, 506.6750793457031], [892.1937255859375, 528.2811889648438], [964.80517578125, 519.6387329101562], [889.34619140625, 557.08935546875], [934.9063110351562, 542.6852416992188], [909.2787475585938, 544.1256103515625], [959.110107421875, 584.45703125], [890.7699584960938, 578.6954345703125], [957.6864013671875, 601.741943359375], [872.2611694335938, 620.46728515625]]","[[863.51220703125, 649.90576171875], [867.8157958984375, 641.2809448242188], [867.8157958984375, 641.2809448242188], [872.119384765625, 645.5933837890625], [895.0717163085938, 644.1558837890625], [880.7264404296875, 674.3427734375], [906.5479125976562, 664.2804565429688], [856.339599609375, 714.5919189453125], [879.2919921875, 667.1553955078125], [814.7384643554688, 708.842041015625], [869.250244140625, 664.2804565429688], [902.2443237304688, 747.6537475585938], [926.6311645507812, 746.2161865234375], [846.2979736328125, 789.3403930664062], [932.3693237304688, 802.2776489257812], [872.119384765625, 849.714111328125], [986.8812255859375, 815.21484375]]","[[679, 578], [1246, 578], [611, 740], [1308, 740], [492, 1015], [1418, 1015]]","[[544, 534], [544, 740], [1368, 740], [1368, 534]]","[797, 463]",None,None
142865,"[[917.9335327148438, 472.0023498535156], [922.2350463867188, 467.70977783203125], [913.632080078125, 467.70977783203125], [927.9702758789062, 470.57147216796875], [909.3306884765625, 470.57147216796875], [940.8746948242188, 490.6034851074219], [900.7277221679688, 497.75775146484375], [955.212890625, 507.7737731933594], [893.5586547851562, 526.3748779296875], [968.1172485351562, 523.51318359375], [892.124755859375, 553.5611572265625], [936.5732421875, 543.545166015625], [910.7644653320312, 543.545166015625], [955.212890625, 579.3165893554688], [894.9924926757812, 576.4548950195312], [955.212890625, 603.6411743164062], [876.3528442382812, 616.5188598632812]]","[[857.5621337890625, 637.4547119140625], [860.4351196289062, 633.1486206054688], [860.4351196289062, 631.7132568359375], [866.1812133789062, 643.1962280273438], [890.602294921875, 638.8900756835938], [871.9273681640625, 673.3391723632812], [899.2214965820312, 658.9854125976562], [841.7601928710938, 709.2235717773438], [879.1100463867188, 656.1146240234375], [805.846923828125, 693.4343872070312], [857.5621337890625, 637.4547119140625], [897.784912109375, 745.1080322265625], [923.6425170898438, 739.366455078125], [853.25244140625, 796.7815551757812], [917.8964233398438, 792.4754028320312], [873.3639526367188, 852.76123046875], [965.302001953125, 802.5230102539062]]","[[679, 578], [1246, 578], [611, 740], [1308, 740], [492, 1015], [1418, 1015]]","[[544, 534], [544, 740], [1368, 740], [1368, 534]]","[795, 467]",None,None
142866,"[[917.9481201171875, 471.9635925292969], [922.2490234375, 467.6694030761719], [913.6472778320312, 467.6694030761719], [927.9834594726562, 470.53216552734375], [909.346435546875, 470.53216552734375], [940.8860473632812, 490.57159423828125], [900.7448120117188, 497.7285461425781], [955.2222290039062, 507.74822998046875], [893.57666015625, 526.3562622070312], [968.1246948242188, 523.4934692382812], [892.14306640625, 553.5526123046875], [936.5851440429688, 543.5328979492188], [910.7800903320312, 543.5328979492188], [955.2222290039062, 579.3175659179688], [893.57666015625, 577.8861694335938], [955.2222290039062, 603.651123046875], [876.373291015625, 616.5336303710938]]","[[857.5991821289062, 637.4786987304688], [860.4724731445312, 633.1739501953125], [860.4724731445312, 631.7390747070312], [866.2189331054688, 643.21826171875], [890.6415405273438, 638.91357421875], [871.9654541015625, 673.3513793945312], [899.26123046875, 659.0023193359375], [841.7963256835938, 709.2240600585938], [879.1484985351562, 656.1325073242188], [805.8807373046875, 693.4400634765625], [857.5991821289062, 637.4786987304688], [897.8245849609375, 745.0967407226562], [923.683837890625, 739.3571166992188], [853.289306640625, 796.7534790039062], [917.9373168945312, 792.44873046875], [873.4020385742188, 852.71484375], [965.3458862304688, 802.4931030273438]]","[[679, 578], [1246, 578], [611, 740], [1308, 740], [492, 1015], [1418, 1015]]","[[544, 534], [544, 740], [1368, 740], [1368, 534]]","[795, 467]",None,None
142867,"[[919.9930419921875, 472.32623291015625], [924.2661743164062, 468.0217590332031], [917.1443481445312, 468.0217590332031], [929.9635009765625, 469.45654296875], [911.447021484375, 470.8913879394531], [944.20703125, 492.4137268066406], [904.3253173828125, 496.71820068359375], [958.450439453125, 508.19677734375], [895.7792358398438, 522.5450439453125], [971.2695922851562, 526.8494873046875], [891.5061645507812, 549.806640625], [938.5095825195312, 542.6325073242188], [912.871337890625, 542.6325073242188], [954.1774291992188, 574.1986694335938], [895.7792358398438, 575.6334228515625], [955.601806640625, 605.7647094726562], [877.2626342773438, 615.8085327148438]]","[[858.668212890625, 638.2522583007812], [860.1079711914062, 633.9478759765625], [860.1079711914062, 635.3826904296875], [862.9873046875, 638.2522583007812], [886.022216796875, 638.2522583007812], [865.86669921875, 671.252685546875], [894.6603393554688, 658.3395385742188], [831.314208984375, 697.0791015625], [874.5048217773438, 639.6870727539062], [795.3220825195312, 676.9918823242188], [851.4698486328125, 625.3390502929688], [897.5397338867188, 744.4275512695312], [916.255615234375, 740.123046875], [858.668212890625, 797.5151977539062], [900.4191284179688, 777.4279174804688], [873.0651245117188, 852.0375366210938], [947.9287109375, 797.5151977539062]]","[[679, 578], [1246, 578], [611, 740], [1308, 740], [492, 1015], [1418, 1015]]","[[544, 534], [544, 740], [1368, 740], [1368, 534]]","[793, 472]",None,None
142868,"[[921.42236328125, 472.0650634765625], [925.7116088867188, 466.33160400390625], [918.5629272460938, 467.76495361328125], [931.4304809570312, 469.1983337402344], [912.843994140625, 472.0650634765625], [944.2979125976562, 490.6987609863281], [905.6954956054688, 494.99884033203125], [960.0249633789062, 506.46575927734375], [895.6873168945312, 520.7993774414062], [971.4627075195312, 526.5328369140625], [889.9684448242188, 546.5999145507812], [938.5790405273438, 540.866455078125], [914.2738037109375, 542.2998046875], [954.3060913085938, 570.9671020507812], [895.6873168945312, 573.8338012695312], [954.3060913085938, 605.3677978515625], [881.39013671875, 612.5345458984375]]","[[853.980712890625, 638.3358764648438], [858.2840576171875, 635.4625854492188], [858.2840576171875, 635.4625854492188], [858.2840576171875, 638.3358764648438], [882.669921875, 635.4625854492188], [859.718505859375, 667.0686645507812], [891.2766723632812, 654.138916015625], [823.85693359375, 691.4915161132812], [871.1942138671875, 632.5892944335938], [792.2988891601562, 668.5053100585938], [846.808349609375, 618.222900390625], [892.711181640625, 738.900634765625], [914.2280883789062, 733.154052734375], [861.1530151367188, 796.3661499023438], [894.1456298828125, 763.323486328125], [874.0631103515625, 850.9585571289062], [930.0072021484375, 793.4929809570312]]","[[679, 578], [1246, 578], [611, 740], [1308, 740], [492, 1015], [1418, 1015]]","[[544, 534], [544, 740], [1368, 740], [1368, 534]]","[791, 482]",None,None
142869,"[[921.9232788085938, 471.88214111328125], [926.2422485351562, 467.5840148925781], [919.0438842773438, 467.5840148925781], [932.0009765625, 469.0167236328125], [913.28515625, 470.44940185546875], [944.9580688476562, 490.5074768066406], [906.0867919921875, 494.80560302734375], [960.7945556640625, 506.2673645019531], [896.009033203125, 517.7290649414062], [970.872314453125, 524.8927001953125], [890.2503051757812, 542.0853271484375], [940.6390991210938, 540.652587890625], [914.7247924804688, 542.0853271484375], [955.0358276367188, 570.7396240234375], [898.888427734375, 572.17236328125], [953.59619140625, 605.1248779296875], [885.9312744140625, 609.4230346679688]]","[[852.7804565429688, 634.9125366210938], [854.2108764648438, 630.5995483398438], [881.3895874023438, 626.2865600585938], [855.6414184570312, 634.9125366210938], [879.9591674804688, 632.0372314453125], [858.5022583007812, 660.7904052734375], [884.2505493164062, 649.2891235351562], [822.7409057617188, 685.2306518554688], [864.22412109375, 630.5995483398438], [789.8403930664062, 665.1033935546875], [842.7672729492188, 613.34765625], [887.1114501953125, 732.6734619140625], [908.5682983398438, 724.0474853515625], [864.22412109375, 788.7421875], [889.9723510742188, 752.8007202148438], [872.806884765625, 844.8109130859375], [914.2901000976562, 791.6174926757812]]","[[679, 578], [1246, 578], [611, 740], [1308, 740], [492, 1015], [1418, 1015]]","[[544, 534], [544, 740], [1368, 740], [1368, 534]]","[791, 493]",None,None
142870,"[[922.574951171875, 469.1161804199219], [926.8900756835938, 466.2342224121094], [918.2599487304688, 466.2342224121094], [932.6434326171875, 467.6751708984375], [913.9449462890625, 469.1161804199219], [945.5885620117188, 489.28985595703125], [906.753173828125, 492.17181396484375], [959.9720458984375, 505.1405944824219], [895.2464599609375, 513.7864379882812], [970.0404052734375, 522.4323120117188], [889.4930419921875, 536.8421020507812], [942.7119140625, 539.7240600585938], [918.2599487304688, 541.1649780273438], [957.0953369140625, 574.3074951171875], [902.4381713867188, 575.7484741210938], [954.2185668945312, 603.1270141601562], [890.9313354492188, 610.3319091796875]]","[[849.5435791015625, 626.8203125], [850.9780883789062, 623.9450073242188], [849.5435791015625, 623.9450073242188], [852.4124755859375, 628.2579956054688], [876.7972412109375, 626.8203125], [856.715576171875, 657.0115966796875], [881.100341796875, 646.9478759765625], [825.158935546875, 684.3275146484375], [853.8468627929688, 636.8840942382812], [787.8645629882812, 665.6376953125], [835.19970703125, 609.5681762695312], [882.5347290039062, 727.4579467773438], [901.181884765625, 721.7072143554688], [863.8875732421875, 783.5274658203125], [882.5347290039062, 750.4608154296875], [868.1907348632812, 836.7216796875], [898.3131103515625, 789.2781372070312]]","[[679, 578], [1246, 578], [611, 740], [1308, 740], [492, 1015], [1418, 1015]]","[[544, 534], [544, 740], [1368, 740], [1368, 534]]","[789, 504]",None,None
142871,"[[924.26123046875, 469.74310302734375], [927.1396484375, 465.429931640625], [919.9436645507812, 465.429931640625], [932.8964233398438, 468.3053894042969], [914.1868896484375, 468.3053894042969], [945.8492431640625, 488.4336242675781], [906.9909057617188, 492.7467956542969], [964.5588989257812, 505.68634033203125], [894.0380249023438, 511.4372863769531], [974.63330078125, 525.8145751953125], [888.28125, 533.0032348632812], [944.4100952148438, 538.754150390625], [918.5044555664062, 540.19189453125], [963.11962890625, 573.2596435546875], [904.1124267578125, 576.1350708007812], [958.8020629882812, 599.1387939453125], [889.720458984375, 614.953857421875]]","[[846.8707275390625, 623.0393676757812], [849.7244262695312, 618.7150268554688], [846.8707275390625, 621.597900390625], [854.0050659179688, 627.36376953125], [876.835205078125, 623.0393676757812], [861.1395263671875, 651.868408203125], [878.2620849609375, 646.1026000976562], [828.3212280273438, 682.138916015625], [849.7244262695312, 636.012451171875], [789.7954711914062, 667.7244262695312], [831.175048828125, 611.5077514648438], [879.6890258789062, 725.3825073242188], [882.542724609375, 721.0581665039062], [862.5664672851562, 780.15771484375], [871.1277465820312, 772.9505004882812], [865.420166015625, 834.9329833984375], [865.420166015625, 834.9329833984375]]","[[679, 578], [1246, 578], [611, 740], [1308, 740], [492, 1015], [1418, 1015]]","[[544, 534], [544, 740], [1368, 740], [1368, 534]]","[789, 519]",None,None
142872,"[[923.5515747070312, 469.71563720703125], [927.8177490234375, 465.39862060546875], [920.70751953125, 465.39862060546875], [933.505859375, 468.276611328125], [915.0194091796875, 468.276611328125], [946.30419921875, 488.4226989746094], [906.4871215820312, 492.7397155761719], [964.7905883789062, 504.25177001953125], [893.6888427734375, 511.44677734375], [974.744873046875, 525.8368530273438], [888.000732421875, 533.0318603515625], [943.4600830078125, 538.787841796875], [917.8634643554688, 540.2268676757812], [961.946533203125, 571.885009765625], [905.065185546875, 574.7630004882812], [959.1024780273438, 599.22607421875], [890.8447875976562, 612.1771240234375]]","[[847.5457763671875, 622.8267211914062], [850.4074096679688, 618.5125732421875], [847.5457763671875, 621.388671875], [851.8381958007812, 625.7027587890625], [876.1622924804688, 622.8267211914062], [860.4232177734375, 651.5875244140625], [877.5932006835938, 645.8353271484375], [827.5140991210938, 681.786376953125], [850.4074096679688, 637.2071533203125], [788.8817749023438, 667.4059448242188], [828.9450073242188, 608.4462890625], [880.454833984375, 724.9276123046875], [884.747314453125, 723.4895629882812], [863.2848510742188, 778.1351318359375], [871.869873046875, 772.3829345703125], [864.7157592773438, 834.21875], [864.7157592773438, 835.6567993164062]]","[[679, 578], [1246, 578], [611, 740], [1308, 740], [492, 1015], [1418, 1015]]","[[544, 534], [544, 740], [1368, 740], [1368, 534]]","[789, 519]",None,None
142873,"[[925.5181884765625, 469.638671875], [928.3645629882812, 465.31317138671875], [921.24853515625, 465.31317138671875], [935.4805297851562, 468.19683837890625], [915.5557861328125, 468.19683837890625], [948.289306640625, 488.3824768066406], [907.0166625976562, 492.70794677734375], [968.2139892578125, 505.6844482421875], [894.2078857421875, 511.4517822265625], [975.3300170898438, 525.8701171875], [887.0919799804688, 531.6373901367188], [945.44287109375, 538.8465576171875], [919.825439453125, 540.2883911132812], [968.2139892578125, 572.0086669921875], [904.1702880859375, 574.892333984375], [963.9444580078125, 600.8452758789062], [889.9382934570312, 612.3799438476562]]","[[846.091552734375, 624.7032470703125], [848.9446411132812, 620.3856201171875], [847.5181274414062, 621.8247680664062], [851.7977905273438, 626.1424560546875], [874.6229858398438, 624.7032470703125], [861.7838745117188, 650.6090698242188], [876.0494995117188, 644.8522338867188], [831.8258056640625, 683.7109985351562], [847.5181274414062, 634.7777099609375], [796.1614990234375, 675.0757446289062], [827.546142578125, 610.3110961914062], [876.0494995117188, 724.0089721679688], [880.3292846679688, 722.5697631835938], [861.7838745117188, 778.6990966796875], [863.2103881835938, 777.2598876953125], [864.636962890625, 836.2676391601562], [864.636962890625, 834.8284301757812]]","[[679, 578], [1246, 578], [611, 740], [1308, 740], [492, 1015], [1418, 1015]]","[[544, 534], [544, 740], [1368, 740], [1368, 534]]","[787, 532]",None,None
142874,"[[927.9747314453125, 470.3367004394531], [930.850341796875, 466.0185546875], [923.6613159179688, 466.0185546875], [938.0394287109375, 467.4579162597656], [917.9100952148438, 468.8973388671875], [949.5419311523438, 489.0486755371094], [909.283203125, 491.9273986816406], [968.2334594726562, 503.44244384765625], [894.9050903320312, 507.76055908203125], [976.8602905273438, 525.0331420898438], [884.8404541015625, 527.9119262695312], [948.1040649414062, 540.8663330078125], [919.347900390625, 540.8663330078125], [971.1090698242188, 571.0933227539062], [902.0941772460938, 565.3357543945312], [972.546875, 598.4415283203125], [887.716064453125, 607.0778198242188]]","[[847.3895874023438, 620.3338012695312], [850.2627563476562, 618.8921508789062], [848.826171875, 617.4505004882812], [853.135986328125, 627.542236328125], [873.2481079101562, 628.98388671875], [856.0091552734375, 653.4923706054688], [868.9383544921875, 647.7257080078125], [841.6432495117188, 685.2092895507812], [840.2066650390625, 626.1005249023438], [810.0385131835938, 688.0926513671875], [834.4603271484375, 617.4505004882812], [867.5017700195312, 728.4596557617188], [886.1773071289062, 722.6929321289062], [854.5725708007812, 781.8016967773438], [847.3895874023438, 778.9183959960938], [868.9383544921875, 835.143798828125], [843.079833984375, 781.8016967773438]]","[[679, 578], [1246, 578], [611, 740], [1308, 740], [492, 1015], [1418, 1015]]","[[544, 534], [544, 740], [1368, 740], [1368, 534]]","[787, 551]",None,None
142875,"[[929.6236572265625, 471.8021240234375], [933.9319458007812, 467.5092468261719], [926.75146484375, 467.5092468261719], [941.1124877929688, 470.37115478515625], [921.007080078125, 470.37115478515625], [952.6013793945312, 493.26666259765625], [912.390380859375, 493.26666259765625], [969.8345947265625, 504.7143859863281], [896.59326171875, 503.2834167480469], [981.3233642578125, 526.1788940429688], [885.1044311523438, 523.3169555664062], [946.8568725585938, 541.9195556640625], [919.5709228515625, 541.9195556640625], [972.706787109375, 567.6769409179688], [899.4654541015625, 567.6769409179688], [982.759521484375, 597.7272338867188], [883.6683959960938, 606.3130493164062]]","[[839.73193359375, 624.9484252929688], [848.3147583007812, 620.6255493164062], [846.8843383789062, 620.6255493164062], [848.3147583007812, 630.7122802734375], [871.2024536132812, 635.03515625], [851.17578125, 658.0905151367188], [866.9110107421875, 653.7677001953125], [846.8843383789062, 695.5556030273438], [844.0233154296875, 639.3580322265625], [835.4404907226562, 695.5556030273438], [839.73193359375, 622.0665283203125], [865.4805908203125, 730.138671875], [885.5072631835938, 722.933837890625], [846.8843383789062, 787.777099609375], [839.73193359375, 745.9892578125], [872.6329956054688, 833.8878784179688], [869.77197265625, 828.1240844726562]]","[[679, 578], [1246, 578], [611, 740], [1308, 740], [492, 1015], [1418, 1015]]","[[544, 534], [544, 740], [1368, 740], [1368, 534]]","[823, 519]",None,None
142876,"[[934.1962280273438, 474.236083984375], [938.478515625, 471.35821533203125], [929.9140014648438, 471.35821533203125], [942.7607421875, 474.236083984375], [924.2042846679688, 472.7971496582031], [952.7528076171875, 497.2589111328125], [915.6397094726562, 494.3810729980469], [971.309326171875, 507.3313903808594], [899.93798828125, 500.13677978515625], [981.30126953125, 524.5985717773438], [889.946044921875, 510.2092590332031], [947.0430908203125, 543.3046264648438], [921.349365234375, 543.3046264648438], [972.7367553710938, 567.766357421875], [899.93798828125, 567.766357421875], [994.1481323242188, 603.7395629882812], [879.9540405273438, 609.4952392578125]]","[[837.407470703125, 634.281005859375], [840.2637329101562, 629.9730224609375], [867.3983764648438, 629.9730224609375], [840.2637329101562, 637.1530151367188], [864.5421142578125, 635.717041015625], [844.5481567382812, 657.2570190429688], [861.6858520507812, 655.821044921875], [850.2606811523438, 673.0530395507812], [850.2606811523438, 671.6170654296875], [860.2576904296875, 696.029052734375], [878.823486328125, 608.4329833984375], [861.6858520507812, 733.3650512695312], [881.6798095703125, 730.4930419921875], [840.2637329101562, 795.1130981445312], [837.407470703125, 795.1130981445312], [873.1109619140625, 828.1411743164062], [851.6888427734375, 790.8051147460938]]","[[679, 578], [1246, 578], [611, 740], [1308, 740], [492, 1015], [1418, 1015]]","[[544, 534], [544, 740], [1368, 740], [1368, 534]]","[834, 518]",None,None
142877,"[[935.8523559570312, 480.2945861816406], [940.13671875, 474.5478820800781], [932.9960327148438, 474.5478820800781], [945.8492431640625, 477.4212646484375], [927.2835083007812, 477.4212646484375], [955.84619140625, 500.4080810546875], [918.7146606445312, 496.0980529785156], [972.98388671875, 511.9015197753906], [884.4393920898438, 514.7748413085938], [984.408935546875, 524.8316040039062], [893.0082397460938, 503.28143310546875], [950.1336669921875, 546.3817138671875], [921.5709228515625, 546.3817138671875], [978.6963500976562, 575.115234375], [900.14892578125, 573.6785888671875], [1002.9747314453125, 609.5955200195312], [877.2986450195312, 611.0321655273438]]","[[863.269775390625, 633.90576171875], [861.8402709960938, 631.0328979492188], [860.4108276367188, 631.0328979492188], [836.10986328125, 633.90576171875], [860.4108276367188, 633.90576171875], [838.96875, 655.4525146484375], [860.4108276367188, 655.4525146484375], [850.404541015625, 672.6900024414062], [850.404541015625, 672.6900024414062], [878.9939575195312, 702.8555297851562], [878.9939575195312, 702.8555297851562], [857.5519409179688, 731.5845947265625], [880.4234619140625, 728.711669921875], [840.3982543945312, 796.2249755859375], [850.404541015625, 783.296875], [868.9876708984375, 819.2081909179688], [851.833984375, 793.35205078125]]","[[679, 578], [1246, 578], [611, 740], [1308, 740], [492, 1015], [1418, 1015]]","[[544, 534], [544, 740], [1368, 740], [1368, 534]]","[846, 518]",top,drive
142878,"[[936.0155029296875, 480.5516662597656], [940.327880859375, 474.8109130859375], [933.1405639648438, 474.8109130859375], [946.07763671875, 477.6812744140625], [927.3908081054688, 477.6812744140625], [956.1397705078125, 500.6443786621094], [918.7660522460938, 496.33880615234375], [973.38916015625, 512.1259155273438], [902.9542236328125, 499.20916748046875], [984.8887329101562, 525.0426635742188], [892.8919677734375, 503.5148010253906], [950.3900146484375, 545.1353759765625], [921.6409912109375, 546.570556640625], [979.138916015625, 575.2744750976562], [900.0792846679688, 573.8392944335938], [1003.5756225585938, 609.7191162109375], [878.5175170898438, 611.1543579101562]]","[[863.2322998046875, 633.6199951171875], [861.7994384765625, 630.7425537109375], [860.3666381835938, 630.7425537109375], [836.00830078125, 633.6199951171875], [860.3666381835938, 633.6199951171875], [838.8740234375, 655.2007446289062], [860.3666381835938, 655.2007446289062], [850.3367309570312, 672.4653930664062], [850.3367309570312, 672.4653930664062], [878.9935302734375, 702.6785278320312], [878.9935302734375, 702.6785278320312], [857.5009155273438, 731.4529418945312], [880.4263916015625, 728.5755615234375], [840.3068237304688, 796.1954345703125], [850.3367309570312, 783.2468872070312], [868.9636840820312, 819.2149658203125], [851.76953125, 794.7566528320312]]","[[679, 578], [1246, 578], [611, 740], [1308, 740], [492, 1015], [1418, 1015]]","[[544, 534], [544, 740], [1368, 740], [1368, 534]]","[857, 518]",None,None
142879,"[[940.2120971679688, 483.5276184082031], [944.5328369140625, 480.66229248046875], [935.8914794921875, 479.2296447753906], [951.7340087890625, 483.5276184082031], [931.5707397460938, 482.094970703125], [958.9351806640625, 503.5849304199219], [920.048828125, 499.28692626953125], [976.2179565429688, 517.9115600585938], [894.1246337890625, 500.7196044921875], [981.9789428710938, 525.0748901367188], [889.8038940429688, 470.6336669921875], [951.7340087890625, 550.8628540039062], [922.9293823242188, 550.8628540039062], [980.5386352539062, 579.5161743164062], [901.3258056640625, 579.5161743164062], [1005.0226440429688, 611.0347900390625], [876.841796875, 611.0347900390625]]","[[861.574462890625, 626.062744140625], [858.7081298828125, 623.193359375], [858.7081298828125, 623.193359375], [832.9111328125, 630.3667602539062], [858.7081298828125, 628.9320678710938], [835.7774658203125, 656.1911010742188], [861.574462890625, 651.8870239257812], [850.109130859375, 671.9725952148438], [878.7724609375, 673.4072875976562], [884.5050659179688, 702.1010131835938], [884.5050659179688, 702.1010131835938], [858.7081298828125, 727.9253540039062], [878.7724609375, 723.621337890625], [837.210693359375, 789.6168212890625], [832.9111328125, 732.2293701171875], [870.1734619140625, 815.441162109375], [850.109130859375, 788.18212890625]]","[[679, 578], [1246, 578], [611, 740], [1308, 740], [492, 1015], [1418, 1015]]","[[544, 534], [544, 740], [1368, 740], [1368, 534]]","[869, 518]",None,None
142880,"[[945.4619750976562, 489.89697265625], [948.34033203125, 487.03240966796875], [942.5836181640625, 485.60009765625], [954.0969848632812, 491.3292541503906], [935.3876953125, 488.4646911621094], [962.7321166992188, 512.8135375976562], [925.3134765625, 505.652099609375], [980.002197265625, 531.4332275390625], [903.725830078125, 504.2198181152344], [982.8805541992188, 531.4332275390625], [899.4083251953125, 491.3292541503906], [954.0969848632812, 555.7821655273438], [925.3134765625, 554.349853515625], [977.1238403320312, 580.1309814453125], [902.2866821289062, 582.99560546875], [1005.9074096679688, 610.208984375], [879.2598266601562, 614.505859375]]","[[860.6898803710938, 620.2238159179688], [833.435791015625, 620.2238159179688], [856.3866577148438, 615.9151611328125], [833.435791015625, 624.5325317382812], [857.821044921875, 623.0962524414062], [839.1735229492188, 646.0758666992188], [869.2964477539062, 648.9483032226562], [847.7800903320312, 667.6192016601562], [882.2062377929688, 676.236572265625], [883.6406860351562, 700.6524047851562], [890.812744140625, 702.0885620117188], [857.821044921875, 725.0681762695312], [879.3373413085938, 719.3232421875], [836.3046875, 785.3895874023438], [832.0013427734375, 732.2493286132812], [872.165283203125, 815.55029296875], [875.0341186523438, 815.55029296875]]","[[679, 578], [1246, 578], [611, 740], [1308, 740], [492, 1015], [1418, 1015]]","[[544, 534], [544, 740], [1368, 740], [1368, 534]]","[880, 517]",None,None
142881,"[[953.82080078125, 496.9226989746094], [958.1266479492188, 494.0513000488281], [949.514892578125, 494.0513000488281], [962.4325561523438, 496.9226989746094], [940.9031982421875, 495.4870300292969], [966.7384033203125, 521.3297119140625], [929.4208984375, 511.27978515625], [971.0442504882812, 538.5582275390625], [902.1503295898438, 501.2298583984375], [940.9031982421875, 529.9439086914062], [910.7620849609375, 475.3870849609375], [955.2561645507812, 562.9652099609375], [926.55029296875, 562.9652099609375], [981.0912475585938, 584.5007934570312], [905.0209350585938, 590.2435913085938], [1005.4912109375, 611.7791748046875], [876.3151245117188, 614.650634765625]]","[[833.3494262695312, 615.68017578125], [834.7892456054688, 611.3575439453125], [862.1468505859375, 611.3575439453125], [836.2291259765625, 615.68017578125], [860.70703125, 615.68017578125], [839.10888671875, 638.734375], [873.6658325195312, 641.6161499023438], [847.7481689453125, 660.34765625], [890.9443969726562, 679.0792236328125], [872.2260131835938, 694.928955078125], [896.7037963867188, 705.01513671875], [859.26708984375, 717.983154296875], [880.8651733398438, 712.2195434570312], [836.2291259765625, 781.382080078125], [846.3082275390625, 777.0595092773438], [873.6658325195312, 811.6407470703125], [877.9854125976562, 815.9634399414062]]","[[679, 578], [1246, 578], [611, 740], [1308, 740], [492, 1015], [1418, 1015]]","[[544, 534], [544, 740], [1368, 740], [1368, 534]]","[892, 517]",None,None
142882,"[[958.566162109375, 504.7161560058594], [962.8670043945312, 501.856689453125], [955.698974609375, 500.42694091796875], [964.3005981445312, 504.7161560058594], [947.0972290039062, 500.42694091796875], [967.1678466796875, 526.1619873046875], [932.760986328125, 513.29443359375], [964.3005981445312, 549.03759765625], [905.5222778320312, 503.2864074707031], [914.1240234375, 484.6999816894531], [912.6903686523438, 484.6999816894531], [954.2652587890625, 566.1942749023438], [928.460205078125, 566.1942749023438], [980.0704345703125, 586.21044921875], [906.9558715820312, 591.9293212890625], [1008.7427978515625, 613.3751831054688], [873.982666015625, 613.3751831054688]]","[[876.1427001953125, 608.5618896484375], [837.6624755859375, 602.79833984375], [866.1663818359375, 602.79833984375], [837.6624755859375, 608.5618896484375], [863.3159790039062, 608.5618896484375], [839.0877075195312, 633.0570068359375], [877.56787109375, 635.9387817382812], [847.638916015625, 661.874755859375], [891.81982421875, 670.52001953125], [857.615234375, 702.2196044921875], [901.796142578125, 706.5422973632812], [861.8907470703125, 710.8649291992188], [883.2686157226562, 706.5422973632812], [836.2373046875, 771.3822021484375], [851.9144287109375, 765.61865234375], [871.8671875, 804.5226440429688], [877.56787109375, 808.8453369140625]]","[[679, 578], [1246, 578], [611, 740], [1308, 740], [492, 1015], [1418, 1015]]","[[544, 534], [544, 740], [1368, 740], [1368, 534]]","[903, 517]",None,None
142883,"[[961.9622192382812, 510.9416198730469], [966.2522583007812, 508.0665283203125], [959.1021118164062, 505.1914367675781], [967.6822509765625, 512.379150390625], [951.9520874023438, 505.1914367675781], [966.2522583007812, 529.6298217773438], [936.221923828125, 518.12939453125], [950.5221557617188, 533.9424438476562], [913.3416748046875, 513.8167724609375], [926.2118530273438, 510.9416198730469], [911.9116821289062, 509.50408935546875], [951.9520874023438, 568.4436645507812], [927.641845703125, 568.4436645507812], [979.1223754882812, 587.1318359375], [909.0516357421875, 588.5693359375], [1007.7227172851562, 613.0076904296875], [877.59130859375, 610.1326293945312]]","[[870.2535400390625, 603.092529296875], [838.8826904296875, 598.7852783203125], [867.4016723632812, 598.7852783203125], [840.3086547851562, 603.092529296875], [867.4016723632812, 603.092529296875], [838.8826904296875, 628.9359741210938], [883.0870361328125, 630.3717041015625], [844.5864868164062, 657.65087890625], [897.3464965820312, 666.265380859375], [844.5864868164062, 697.851806640625], [907.328125, 697.851806640625], [861.6978759765625, 700.7232666015625], [885.9389038085938, 702.1590576171875], [833.178955078125, 763.8961181640625], [861.6978759765625, 769.6390991210938], [870.2535400390625, 799.7897338867188], [873.1054077148438, 804.0970458984375]]","[[679, 578], [1246, 578], [611, 740], [1308, 740], [492, 1015], [1418, 1015]]","[[544, 534], [544, 740], [1368, 740], [1368, 534]]","[915, 517]",None,None
142884,"[[962.5445556640625, 511.9779052734375], [966.8400268554688, 509.1119384765625], [959.6808471679688, 506.2459411621094], [968.2718505859375, 510.544921875], [952.5217895507812, 506.2459411621094], [966.8400268554688, 529.1737670898438], [935.3397827148438, 519.142822265625], [959.6808471679688, 549.2355346679688], [925.3169555664062, 513.410888671875], [915.2941284179688, 509.1119384765625], [910.9987182617188, 507.6789245605469], [952.5217895507812, 567.8643188476562], [926.748779296875, 569.2973022460938], [978.294677734375, 586.4931640625], [909.56689453125, 589.3590698242188], [1008.3630981445312, 613.7198486328125], [879.4984130859375, 609.4208984375]]","[[870.25537109375, 603.0863647460938], [838.892822265625, 598.77880859375], [867.4041748046875, 598.77880859375], [840.3184204101562, 603.0863647460938], [867.4041748046875, 603.0863647460938], [838.892822265625, 628.9317626953125], [883.0855102539062, 630.3676147460938], [844.5950927734375, 657.6489868164062], [897.3411865234375, 666.2640380859375], [844.5950927734375, 697.8529052734375], [907.3201904296875, 697.8529052734375], [861.701904296875, 700.724609375], [885.9365844726562, 702.1604614257812], [833.1905517578125, 763.9022827148438], [861.701904296875, 769.6458129882812], [870.25537109375, 799.798828125], [873.1064453125, 804.1063842773438]]","[[679, 578], [1246, 578], [611, 740], [1308, 740], [492, 1015], [1418, 1015]]","[[544, 534], [544, 740], [1368, 740], [1368, 534]]","[917, 495]",None,None
142885,"[[962.2344360351562, 511.5858154296875], [965.1033935546875, 510.152587890625], [959.3654174804688, 507.2861633300781], [969.4069213867188, 513.01904296875], [953.6275634765625, 507.2861633300781], [966.537841796875, 533.084228515625], [937.8482055664062, 523.0516357421875], [962.2344360351562, 553.1494140625], [906.2894897460938, 527.351318359375], [980.8827514648438, 551.7161254882812], [900.5515747070312, 530.2177734375], [952.1930541992188, 571.7813720703125], [926.3723754882812, 568.9148559570312], [978.0137939453125, 588.9800415039062], [913.4619750976562, 581.81396484375], [1008.137939453125, 613.3449096679688], [877.599853515625, 616.2113647460938]]","[[871.7127075195312, 599.135498046875], [841.5316772460938, 599.135498046875], [870.2755126953125, 597.6965942382812], [842.9688110351562, 602.013427734375], [868.8383178710938, 602.013427734375], [840.094482421875, 629.353271484375], [883.2102661132812, 625.0364379882812], [842.9688110351562, 662.4489135742188], [900.4566040039062, 661.010009765625], [834.345703125, 696.9835205078125], [914.8284912109375, 688.349853515625], [863.0895385742188, 705.6171875], [890.396240234375, 702.7393188476562], [830.0341186523438, 760.2969360351562], [877.4614868164062, 732.9570922851562], [863.0895385742188, 797.7094116210938], [877.4614868164062, 783.3200073242188]]","[[679, 578], [1246, 578], [611, 740], [1308, 740], [492, 1015], [1418, 1015]]","[[544, 534], [544, 740], [1368, 740], [1368, 534]]","[919, 478]",None,None
142886,"[[958.7738037109375, 511.8031311035156], [963.0751953125, 508.9339294433594], [955.9061889648438, 507.4993591308594], [967.3765869140625, 513.2376708984375], [950.1710205078125, 507.4993591308594], [965.9426879882812, 533.3219604492188], [935.8330688476562, 524.7144165039062], [970.2440795898438, 544.7986450195312], [915.760009765625, 533.3219604492188], [980.2807006835938, 554.8407592773438], [891.3854370117188, 554.8407592773438], [950.1710205078125, 574.9249877929688], [922.9288940429688, 570.6212158203125], [980.2807006835938, 590.7055053710938], [902.8558349609375, 586.4017333984375], [1007.5228271484375, 613.6588745117188], [879.9151000976562, 616.528076171875]]","[[872.8017578125, 600.099609375], [845.4445190429688, 598.664794921875], [871.3619384765625, 595.7951049804688], [846.8843994140625, 602.9692993164062], [871.3619384765625, 601.5344848632812], [842.5648193359375, 630.231201171875], [887.2002563476562, 627.361572265625], [842.5648193359375, 663.232421875], [904.478515625, 658.927978515625], [822.4069213867188, 701.9730834960938], [927.5161743164062, 680.4505004882812], [864.16259765625, 707.71240234375], [891.5198364257812, 703.4078979492188], [829.6061401367188, 757.9317626953125], [877.121337890625, 729.2349853515625], [855.5234985351562, 802.4116821289062], [892.9596557617188, 783.7588500976562]]","[[679, 578], [1246, 578], [611, 740], [1308, 740], [492, 1015], [1418, 1015]]","[[544, 534], [544, 740], [1368, 740], [1368, 534]]","[889, 502]",None,None
142887,"[[954.1080932617188, 514.5881958007812], [958.38818359375, 510.27886962890625], [951.2546997070312, 508.8424072265625], [962.6683959960938, 513.1517333984375], [944.12109375, 508.8424072265625], [964.0951538085938, 533.2621459960938], [929.8539428710938, 527.516357421875], [975.5088500976562, 550.4996337890625], [908.4532470703125, 544.7538452148438], [984.0690307617188, 566.3006591796875], [892.7593994140625, 564.8641967773438], [948.4012451171875, 574.9193725585938], [924.1470947265625, 570.6100463867188], [976.935546875, 589.2839965820312], [904.173095703125, 584.974609375], [1006.8965454101562, 612.2672729492188], [882.7723999023438, 613.7037353515625]]","[[849.2237548828125, 606.4462890625], [849.2237548828125, 602.1409301757812], [874.9788208007812, 597.8356323242188], [850.654541015625, 606.4462890625], [873.5480346679688, 603.5760498046875], [844.93115234375, 633.71337890625], [892.14892578125, 629.4080200195312], [842.0695190429688, 669.5911254882812], [915.0423583984375, 662.4155883789062], [823.4686279296875, 691.1177978515625], [937.9358520507812, 668.1560668945312], [864.9629516601562, 706.904052734375], [893.579833984375, 706.904052734375], [830.622802734375, 760.0031127929688], [882.133056640625, 734.171142578125], [847.7929077148438, 814.537353515625], [909.3189697265625, 781.52978515625]]","[[679, 578], [1246, 578], [611, 740], [1308, 740], [492, 1015], [1418, 1015]]","[[544, 534], [544, 740], [1368, 740], [1368, 534]]","[872, 521]",bottom,drive
142888,"[[947.4331665039062, 514.46533203125], [951.7470092773438, 510.16802978515625], [944.5572509765625, 510.16802978515625], [956.060791015625, 513.0328369140625], [937.3676147460938, 510.16802978515625], [954.6229248046875, 533.0869750976562], [925.8641357421875, 528.7896728515625], [970.4401245117188, 547.4113159179688], [902.8570556640625, 551.7086791992188], [983.3816528320312, 566.0330200195312], [889.9156494140625, 574.6276245117188], [944.5572509765625, 571.7627563476562], [920.1123657226562, 571.7627563476562], [969.0022583007812, 587.51953125], [904.2950439453125, 583.2222290039062], [1006.388671875, 613.3033447265625], [876.9741821289062, 616.1682739257812]]","[[848.2446899414062, 614.2534790039062], [848.2446899414062, 608.512939453125], [875.5255737304688, 601.3373413085938], [851.1163330078125, 609.9481201171875], [874.0896606445312, 607.077880859375], [846.808837890625, 634.34521484375], [894.19140625, 632.91015625], [841.0654907226562, 675.9639282226562], [925.7797241210938, 663.0477905273438], [815.2205200195312, 681.7044677734375], [941.573974609375, 647.2613525390625], [866.9105834960938, 708.9718627929688], [897.06298828125, 708.9718627929688], [829.578857421875, 763.506591796875], [891.3197021484375, 746.2850952148438], [836.758056640625, 816.6063232421875], [922.9080810546875, 789.3388671875]]","[[679, 578], [1246, 578], [611, 740], [1308, 740], [492, 1015], [1418, 1015]]","[[544, 534], [544, 740], [1368, 740], [1368, 534]]","[855, 540]",None,None
142889,"[[942.4737548828125, 510.65936279296875], [945.3446044921875, 507.8027648925781], [938.1674194335938, 506.37445068359375], [949.6508178710938, 509.2310485839844], [930.9902954101562, 507.8027648925781], [946.7799682617188, 529.2275390625], [918.0715942382812, 530.6558837890625], [968.3113403320312, 544.9390869140625], [900.8464965820312, 546.367431640625], [979.7947387695312, 560.6506958007812], [887.9276733398438, 570.64892578125], [941.0382690429688, 573.5055541992188], [915.20068359375, 573.5055541992188], [968.3113403320312, 589.2171020507812], [899.4110717773438, 583.5038452148438], [1005.6322631835938, 612.0702514648438], [875.0089111328125, 616.3551635742188]]","[[847.4510498046875, 619.6582641601562], [848.878662109375, 616.778076171875], [874.574951171875, 608.1371459960938], [850.30615234375, 618.2182006835938], [874.574951171875, 615.337890625], [847.4510498046875, 642.7005615234375], [895.988525390625, 635.4998779296875], [830.3201293945312, 681.5844116210938], [928.82275390625, 658.5421142578125], [811.7616577148438, 657.1019897460938], [941.6708984375, 631.179443359375], [868.8646240234375, 716.1477661132812], [900.2713012695312, 713.2674560546875], [831.7477416992188, 766.5526733398438], [897.4160766601562, 752.1513061523438], [828.892578125, 821.2780151367188], [928.82275390625, 803.996337890625]]","[[679, 578], [1246, 578], [611, 740], [1308, 740], [492, 1015], [1418, 1015]]","[[544, 534], [544, 740], [1368, 740], [1368, 534]]","[842, 557]",None,None
142890,"[[942.6809692382812, 510.1366882324219], [945.55859375, 507.27154541015625], [938.3643188476562, 505.8389892578125], [949.8751831054688, 508.7041320800781], [931.1701049804688, 507.27154541015625], [946.9974365234375, 530.1926879882812], [918.2203979492188, 530.1926879882812], [968.5802612304688, 544.5184326171875], [900.9541015625, 547.383544921875], [980.0911865234375, 561.7092895507812], [888.00439453125, 568.8721313476562], [942.6809692382812, 574.6024169921875], [916.7815551757812, 574.6024169921875], [968.5802612304688, 588.9281005859375], [898.0763549804688, 584.63037109375], [1005.990478515625, 613.2817993164062], [875.0546875, 617.5795288085938]]","[[848.3818359375, 620.2438354492188], [848.3818359375, 615.9383544921875], [875.7216796875, 607.327392578125], [851.2596435546875, 620.2438354492188], [875.7216796875, 615.9383544921875], [848.3818359375, 643.2064208984375], [895.8668823242188, 634.595458984375], [829.675537109375, 683.3909301757812], [928.9625244140625, 657.5579833984375], [812.4082641601562, 657.5579833984375], [941.9130249023438, 630.2899169921875], [868.5270385742188, 716.399658203125], [900.1837158203125, 713.529296875], [832.553466796875, 766.6302490234375], [898.7447509765625, 752.2787475585938], [829.675537109375, 821.1664428710938], [927.523681640625, 802.5093383789062]]","[[679, 578], [1246, 578], [611, 740], [1308, 740], [492, 1015], [1418, 1015]]","[[544, 534], [544, 740], [1368, 740], [1368, 534]]","[842, 557]",None,None
142891,"[[936.3678588867188, 506.379638671875], [939.24072265625, 502.0913391113281], [933.4950561523438, 502.0913391113281], [943.550048828125, 504.9501953125], [924.87646484375, 503.5207824707031], [947.8593139648438, 527.8209838867188], [910.5121459960938, 526.3916015625], [966.5328369140625, 542.115234375], [894.71142578125, 547.8329467773438], [978.0243530273438, 556.409423828125], [883.2200317382812, 567.8448486328125], [939.24072265625, 570.7036743164062], [913.385009765625, 570.7036743164062], [966.5328369140625, 587.8567504882812], [893.2750244140625, 586.4273071289062], [1005.3164672851562, 612.1569213867188], [870.292236328125, 622.1629028320312]]","[[846.2892456054688, 631.5326538085938], [847.7215576171875, 627.2216186523438], [849.1538696289062, 631.5326538085938], [849.1538696289062, 631.5326538085938], [873.50341796875, 622.91064453125], [847.7215576171875, 655.961669921875], [896.4205322265625, 644.4656372070312], [824.8043823242188, 681.8276977539062], [935.09326171875, 648.7766723632812], [821.9397583007812, 648.7766723632812], [927.931640625, 614.2886352539062], [869.2064208984375, 729.248779296875], [905.014404296875, 723.500732421875], [833.3982543945312, 776.6697998046875], [900.717529296875, 746.4927368164062], [820.5073852539062, 824.0908813476562], [926.4993286132812, 793.913818359375]]","[[679, 578], [1246, 578], [611, 740], [1308, 740], [492, 1015], [1418, 1015]]","[[544, 534], [544, 740], [1368, 740], [1368, 534]]","[827, 575]",None,None
142892,"[[928.4933471679688, 501.5050048828125], [932.8045654296875, 498.6281433105469], [925.6192016601562, 498.6281433105469], [939.9899291992188, 501.5050048828125], [919.870849609375, 500.06658935546875], [942.8641357421875, 524.5197143554688], [906.937255859375, 523.0813598632812], [962.9832153320312, 536.0271606445312], [891.1294555664062, 544.6576538085938], [975.9169311523438, 550.4113159179688], [881.06982421875, 563.3571166992188], [935.6787719726562, 564.7955932617188], [909.8114013671875, 567.6724243164062], [965.8573608398438, 586.3719482421875], [892.5664672851562, 589.2487182617188], [1001.7842407226562, 610.8251342773438], [875.3215942382812, 622.3324584960938]]","[[869.6844482421875, 626.1304931640625], [866.8155517578125, 624.6937255859375], [865.3810424804688, 627.5671997070312], [849.60205078125, 647.6820068359375], [873.9878540039062, 640.4981689453125], [852.4710083007812, 673.5438842773438], [898.3735961914062, 653.4290771484375], [832.3884887695312, 673.5438842773438], [928.497314453125, 636.1878662109375], [833.822998046875, 649.1187744140625], [906.9804077148438, 604.5789184570312], [875.4222412109375, 736.76171875], [908.414794921875, 729.5778198242188], [840.995361328125, 778.4280395507812], [911.2837524414062, 755.4396362304688], [815.175048828125, 825.84130859375], [927.0628051757812, 799.9794921875]]","[[679, 578], [1246, 578], [611, 740], [1308, 740], [492, 1015], [1418, 1015]]","[[544, 534], [544, 740], [1368, 740], [1368, 534]]","[815, 594]",None,None
142893,"[[926.33203125, 499.5179138183594], [930.6138916015625, 495.20697021484375], [922.050048828125, 495.20697021484375], [939.1777954101562, 498.0809326171875], [914.9134521484375, 496.64398193359375], [943.4597778320312, 522.5096435546875], [902.067626953125, 523.9466552734375], [960.5875244140625, 532.5685424804688], [886.3671875, 542.62744140625], [974.8606567382812, 548.3753662109375], [877.8032836914062, 559.8712158203125], [934.8958129882812, 562.7452392578125], [907.7769165039062, 562.7452392578125], [962.0148315429688, 581.4259643554688], [887.7944946289062, 592.9218139648438], [996.2703247070312, 611.6026611328125], [912.0588989257812, 623.0985107421875]]","[[868.0789184570312, 635.9480590820312], [842.2781372070312, 661.7919311523438], [868.0789184570312, 643.126953125], [848.0116577148438, 663.2277221679688], [870.9456787109375, 651.7415771484375], [850.8783569335938, 680.4569702148438], [892.4463500976562, 660.3561401367188], [842.2781372070312, 671.8423461914062], [915.3803100585938, 627.33349609375], [839.4114379882812, 654.6130981445312], [895.3131103515625, 604.3611450195312], [878.112548828125, 745.0665893554688], [909.6467895507812, 740.75927734375], [842.2781372070312, 786.7039184570312], [916.813720703125, 755.1170043945312], [815.0440673828125, 832.6485595703125], [931.1473999023438, 803.9331665039062]]","[[679, 578], [1246, 578], [611, 740], [1308, 740], [492, 1015], [1418, 1015]]","[[544, 534], [544, 740], [1368, 740], [1368, 534]]","[804, 615]",None,None
142894,"[[924.5171508789062, 495.3893737792969], [928.8034057617188, 489.6523132324219], [921.6596069335938, 489.6523132324219], [934.5184326171875, 493.9551086425781], [913.0870971679688, 492.5208435058594], [940.2334594726562, 518.337646484375], [901.6570434570312, 516.9033813476562], [958.8072509765625, 528.37744140625], [883.083251953125, 535.5487670898438], [971.6660766601562, 544.1543579101562], [873.0819091796875, 557.062744140625], [931.6609497070312, 557.062744140625], [904.5145874023438, 557.062744140625], [968.80859375, 582.8795166015625], [893.0845336914062, 580.010986328125], [984.52490234375, 611.5647583007812], [873.0819091796875, 620.1703491210938]]","[[866.851318359375, 650.9751586914062], [842.5909423828125, 663.8873291015625], [862.570068359375, 652.409912109375], [846.8721923828125, 672.4954223632812], [869.7053833007812, 659.5833129882812], [854.0076293945312, 692.5809326171875], [889.6845092773438, 668.1913452148438], [873.9866333007812, 712.66650390625], [903.9552612304688, 626.5856323242188], [852.58056640625, 656.7139282226562], [885.4032592773438, 606.5000610351562], [886.830322265625, 757.1416015625], [915.3718872070312, 748.533447265625], [835.4556274414062, 794.443359375], [918.2260131835938, 758.5762329101562], [815.4765014648438, 838.91845703125], [929.6426391601562, 803.0513916015625]]","[[679, 578], [1246, 578], [611, 740], [1308, 740], [492, 1015], [1418, 1015]]","[[544, 534], [544, 740], [1368, 740], [1368, 534]]","[789, 645]",None,None
142895,"[[920.1314697265625, 493.4654235839844], [924.409912109375, 489.1680908203125], [917.2792358398438, 489.1680908203125], [930.1145629882812, 492.032958984375], [911.5745849609375, 492.032958984375], [935.819091796875, 516.3846435546875], [898.7393188476562, 514.9521484375], [955.7850952148438, 524.9793090820312], [878.7732543945312, 530.7091674804688], [967.1943359375, 537.8713989257812], [870.2163696289062, 550.763427734375], [927.26220703125, 552.1959228515625], [901.591552734375, 555.060791015625], [965.7681884765625, 580.8449096679688], [890.1824340820312, 580.8449096679688], [970.046630859375, 612.3588256835938], [871.6424560546875, 613.791259765625]]","[[869.1112060546875, 659.2122802734375], [846.2633056640625, 677.9498901367188], [867.6832275390625, 659.2122802734375], [851.9752807617188, 682.27392578125], [869.1112060546875, 666.4190673828125], [854.831298828125, 701.0115356445312], [887.6751098632812, 673.6258544921875], [843.4074096679688, 712.5423583984375], [904.8109130859375, 626.0611572265625], [843.4074096679688, 688.0393676757812], [887.6751098632812, 598.6754150390625], [887.6751098632812, 758.6657104492188], [916.2349243164062, 750.0176391601562], [834.8394165039062, 794.6995239257812], [916.2349243164062, 762.9898071289062], [813.4196166992188, 839.3815307617188], [929.0867309570312, 801.9063110351562]]","[[679, 578], [1246, 578], [611, 740], [1308, 740], [492, 1015], [1418, 1015]]","[[544, 534], [544, 740], [1368, 740], [1368, 534]]","[782, 671]",None,None
142896,"[[920.1104125976562, 493.4767761230469], [924.3896484375, 489.182861328125], [917.257568359375, 489.182861328125], [930.0953979492188, 492.04547119140625], [911.5519409179688, 492.04547119140625], [935.8009643554688, 516.37744140625], [898.7142944335938, 514.9461669921875], [955.7708740234375, 524.9651489257812], [878.744384765625, 530.6903076171875], [967.1821899414062, 537.8468017578125], [870.1859130859375, 552.1597290039062], [927.2424926757812, 552.1597290039062], [901.5670166015625, 555.0222778320312], [965.7557373046875, 580.7855224609375], [890.1557006835938, 580.7855224609375], [970.0350341796875, 612.27392578125], [871.6123046875, 613.7052612304688]]","[[869.1126098632812, 659.2952880859375], [846.2741088867188, 678.0302124023438], [867.6851806640625, 659.2952880859375], [851.9837036132812, 682.3536987304688], [869.1126098632812, 666.5010375976562], [854.8385620117188, 701.088623046875], [887.6688232421875, 673.706787109375], [843.4193725585938, 712.6177978515625], [904.7977294921875, 626.1488647460938], [843.4193725585938, 688.1182861328125], [887.6688232421875, 598.7670288085938], [887.6688232421875, 758.7345581054688], [916.2169799804688, 750.0877075195312], [834.8549194335938, 794.7633666992188], [916.2169799804688, 763.0580444335938], [813.44384765625, 839.4389038085938], [929.0635375976562, 801.9691162109375]]","[[679, 578], [1246, 578], [611, 740], [1308, 740], [492, 1015], [1418, 1015]]","[[544, 534], [544, 740], [1368, 740], [1368, 534]]","[782, 671]",None,None
142897,"[[921.3245239257812, 491.90435791015625], [924.1793823242188, 489.0210266113281], [917.0422973632812, 489.0210266113281], [928.4616088867188, 490.4626770019531], [909.9052124023438, 490.4626770019531], [932.7438354492188, 513.5292358398438], [897.0585327148438, 513.5292358398438], [951.3002319335938, 522.17919921875], [877.0746459960938, 527.94580078125], [959.8646850585938, 529.387451171875], [868.5101928710938, 540.9207153320312], [927.0341796875, 553.8956298828125], [901.3407592773438, 553.8956298828125], [961.2921142578125, 579.8453979492188], [888.4939575195312, 582.728759765625], [958.437255859375, 608.6785888671875], [865.6554565429688, 611.5618896484375]]","[[867.0169067382812, 658.9176635742188], [859.85009765625, 657.47998046875], [865.5836181640625, 658.9176635742188], [846.9497680664062, 680.483154296875], [868.4503784179688, 667.5438842773438], [855.5499877929688, 703.486328125], [888.5176391601562, 671.85693359375], [841.2161865234375, 725.0518188476562], [911.45166015625, 635.91455078125], [841.2161865234375, 723.6140747070312], [910.0182495117188, 631.6014404296875], [888.5176391601562, 756.68115234375], [917.1851196289062, 750.9303588867188], [836.9160766601562, 789.7481079101562], [917.1851196289062, 766.7450561523438], [812.5486450195312, 840.0675659179688], [928.6522216796875, 804.1251220703125]]","[[679, 578], [1246, 578], [611, 740], [1308, 740], [492, 1015], [1418, 1015]]","[[544, 534], [544, 740], [1368, 740], [1368, 534]]","[772, 696]",None,None
142898,"[[918.3204345703125, 493.3444519042969], [921.1880493164062, 487.5936584472656], [914.0189819335938, 487.5936584472656], [926.9234008789062, 490.46905517578125], [906.8499755859375, 490.46905517578125], [932.6586303710938, 514.9098510742188], [896.8131713867188, 512.034423828125], [951.2982177734375, 526.411376953125], [881.0411987304688, 516.3475341796875], [957.0335693359375, 530.7244873046875], [873.8720703125, 524.9736938476562], [925.4895629882812, 555.165283203125], [899.6808471679688, 555.165283203125], [958.4673461914062, 582.4814453125], [883.9088134765625, 585.3568115234375], [955.5996704101562, 611.2352905273438], [859.5338745117188, 618.4237670898438]]","[[847.1422119140625, 680.2254028320312], [847.1422119140625, 675.91943359375], [865.8207397460938, 658.6954345703125], [847.1422119140625, 677.354736328125], [868.6943359375, 665.8721313476562], [855.7630615234375, 701.7552490234375], [893.1200561523438, 668.7427368164062], [841.3948974609375, 736.203125], [918.9826049804688, 641.4715576171875], [825.590087890625, 718.9791870117188], [917.5458374023438, 642.9068603515625], [884.499267578125, 753.4270629882812], [918.9826049804688, 743.3796997070312], [839.9581298828125, 786.4395751953125], [923.2930297851562, 769.215576171875], [812.6587524414062, 838.111328125], [931.9139404296875, 803.6633911132812]]","[[679, 578], [1246, 578], [611, 740], [1308, 740], [492, 1015], [1418, 1015]]","[[544, 534], [544, 740], [1368, 740], [1368, 534]]","[763, 721]",None,None
142899,"[[915.406494140625, 493.28985595703125], [918.25537109375, 488.9973449707031], [911.133056640625, 487.5665283203125], [923.953369140625, 491.8590087890625], [905.4351196289062, 490.4281921386719], [933.9246826171875, 517.6140747070312], [894.039306640625, 511.8907470703125], [952.4429321289062, 529.060791015625], [871.2476196289062, 520.4757080078125], [955.2919311523438, 530.4916381835938], [857.0028076171875, 521.9065551757812], [922.52880859375, 557.677490234375], [896.8882446289062, 557.677490234375], [953.8673706054688, 584.8634033203125], [879.7944946289062, 587.7250366210938], [956.7163696289062, 614.9109497070312], [854.1539306640625, 620.63427734375]]","[[849.8629760742188, 678.6577758789062], [849.8629760742188, 674.3612670898438], [848.43359375, 671.4969482421875], [851.2922973632812, 674.3612670898438], [872.7318725585938, 662.9039306640625], [857.009521484375, 695.8438720703125], [898.4594116210938, 667.200439453125], [848.43359375, 741.6732177734375], [929.9041748046875, 655.7430419921875], [821.2767944335938, 743.10546875], [927.0455932617188, 655.7430419921875], [889.883544921875, 745.9697875976562], [924.1869506835938, 741.6732177734375], [842.7163696289062, 783.2062377929688], [927.0455932617188, 764.5880737304688], [809.8423461914062, 839.0609130859375], [939.9093017578125, 800.3922729492188]]","[[679, 578], [1246, 578], [611, 740], [1308, 740], [492, 1015], [1418, 1015]]","[[544, 534], [544, 740], [1368, 740], [1368, 534]]","[754, 746]",None,None
